ProteinName	234 	237 	240 	235 	238 	241 	236 	239 	242
ENSP00000373058	3688	3096	3525	3621	3328	3409	3303	3178	3726
ENSP00000301071	3435	3245	3496	3987	3214	4173	3413	3084	4120
ENSP00000234590	3354	6060	3749	2941	4063	2501	2699	3942	2934
ENSP00000248437	3169	2929	3210	3641	2900	3964	3093	2664	3796
ENSP00000341289	2983	2573	2903	2967	2670	2810	2724	2511	3164
ENSP00000369703	2644	2219	2497	2576	2326	2436	2379	2214	2625
ENSP00000334983	2619	2920	3259	2545	2427	3588	2462	2447	3469
ENSP00000264071	2596	2194	2498	2561	2350	2423	2371	2157	2715
ENSP00000259818	2585	2177	2447	2500	2250	2394	2323	2144	2572
ENSP00000320171	2535	2855	3202	2508	2387	3555	2427	2393	3355
ENSP00000301072	2208	2011	2159	2398	2310	2242	2192	2266	2337
ENSP00000318575	2202	2015	2321	2519	1850	2852	2113	1760	2663
ENSP00000318697	1983	1546	1869	1827	1526	1675	1746	1419	1834
ENSP00000229277	1951	2865	2172	2097	2011	1855	2162	1970	2170
ENSP00000224237	1918	2625	2015	1807	2626	1652	1457	2222	1436
ENSP00000229239	1891	2030	1965	1699	1734	2101	1500	1711	1729
ENSP00000320295	1843	1482	1744	1862	1616	1701	1654	1504	1872
ENSP00000299198	1775	1908	1910	1969	2099	1937	1780	2093	2078
ENSP00000244601	1484	1800	1258	1593	1570	1365	1900	1799	1297
ENSP00000289316	1441	1724	1237	1538	1503	1327	1859	1724	1250
ENSP00000289352	1297	1335	1043	1277	1221	1049	1313	1331	1098
ENSP00000328808	1187	943	    1080	1093	1034	1000	1031	908	    1118
ENSP00000224600	1110	819	    1143	1453	1258	1331	1203	1229	1215
ENSP00000262030	1060	992	    971	    1164	1087	859	    1061	1015	1042
ENSP00000351411	1001	815	    971	    961	    915	    1075	926	    903	    1006
ENSP00000331514	955	    819	    956	    785	    812	    1038	771	    781	    1060
ENSP00000324105	949	    1896	1092	1041	1210	757	    864	    1171	1094
ENSP00000253408	942	    767	    664	    411	    416	    257	    203	    669	    124
ENSP00000349960	939	    802	    939	    778	    802	    1015	762	    781	    1031
ENSP00000362413	901	974	860	896	933	756	831	865	854
ENSP00000216281	837	681	793	683	664	734	745	695	770
ENSP00000309539	821	619	835	864	632	787	749	676	866
ENSP00000226253	684	754	539	754	782	401	714	743	637
ENSP00000227378	655	615	511	622	562	444	701	580	544
ENSP00000229270	643	749	526	637	791	479	671	730	544
ENSP00000269122	628	531	654	552	513	724	620	543	686
ENSP00000282050	624	555	686	682	629	729	676	608	758
ENSP00000248151	589	498	587	565	523	491	561	464	585
ENSP00000355645	559	472	565	491	533	579	477	567	603
ENSP00000386444	546	580	412	508	659	414	556	775	427
ENSP00000395337	537	512	632	480	488	525	466	537	505
ENSP00000361824	522	382	494	478	311	479	480	301	427
ENSP00000367872	521	556	372	486	539	343	410	468	339
ENSP00000325875	504	381	538	424	376	534	443	377	510
ENSP00000224784	491	412	505	419	445	532	404	458	544
ENSP00000232461	488	556	331	429	487	292	424	439	248
ENSP00000259791	468	641	497	658	701	497	615	644	489
ENSP00000348877	439	474	507	457	512	498	473	464	450
ENSP00000358155	438	603	467	602	641	469	576	589	465
ENSP00000301522	437	467	339	438	494	291	453	402	343
ENSP00000217133	424	316	379	372	367	382	358	323	392
ENSP00000296271	419	369	285	351	392	219	319	312	204
ENSP00000343690	402	403	423	489	365	424	460	375	561
ENSP00000265333	392	258	362	328	244	257	388	303	331
ENSP00000364801	388	408	310	362	378	248	371	333	305
ENSP00000268125	387	416	301	398	538	370	394	454	304
ENSP00000348965	386	234	450	271	163	510	324	193	380
ENSP00000229319	383	374	347	323	330	375	352	406	357
ENSP00000321259	378	321	249	300	397	224	368	464	240
ENSP00000352398	377	309	388	337	305	413	406	329	423
ENSP00000296755	368	311	430	356	201	451	354	209	492
ENSP00000359991	356	345	388	337	371	377	311	295	370
ENSP00000349259	348	236	339	303	213	311	270	186	227
ENSP00000333994	345	477	268	826	737	280	818	598	359
ENSP00000216392	344	495	437	273	370	429	309	381	323
ENSP00000360671	344	272	318	312	274	311	326	311	333
ENSP00000302397	342	359	376	403	328	355	367	294	410
ENSP00000416706	340	265	337	268	277	325	262	290	304
ENSP00000370808	332	270	322	311	291	319	346	354	334
ENSP00000391481	315	317	275	353	326	287	274	292	249
ENSP00000364310	313	456	336	470	517	333	448	497	333
ENSP00000281456	307	249	329	316	282	316	316	346	345
ENSP00000219599	306	455	257	242	397	188	73	140	92
ENSP00000381607	305	341	242	263	294	177	310	329	291
ENSP00000327070	282	260	225	351	345	199	370	336	298
ENSP00000324173	281	351	247	199	209	186	235	220	250
ENSP00000216962	281	283	410	244	224	433	286	247	418
ENSP00000296511	278	373	312	267	343	254	155	199	150
ENSP00000419425	277	390	224	420	551	223	368	503	280
ENSP00000394071	276	270	309	283	274	317	321	290	267
ENSP00000257860	274	403	293	264	392	217	224	398	182
ENSP00000245206	265	191	246	261	225	272	262	270	282
ENSP00000346550	263	237	282	358	328	352	251	303	315
ENSP00000262746	261	277	204	272	314	163	282	289	187
ENSP00000295598	260	210	274	272	219	245	233	174	285
ENSP00000332790	246	382	282	396	437	268	384	421	267
ENSP00000247207	241	227	177	237	191	148	311	229	169
ENSP00000225282	240	218	198	247	216	250	234	172	266
ENSP00000264998	239	437	202	264	1160 122	333	1346	200
ENSP00000369474	236	268	282	257	261	260	291	305	237
ENSP00000294724	231	363	167	79	201	51	115	197	93
ENSP00000412189	229	221	223	221	246	219	206	192	217
ENSP00000340019	226	233	156	384	344	133	366	476	254
ENSP00000370517	225	155	284	148	137	302	218	153	282
ENSP00000307900	221	290	142	301	388	139	197	271	113
ENSP00000336927	220	264	184	251	330	140	215	320	230
ENSP00000309503	219	237	239	240	257	235	212	277	233
ENSP00000358865	206	211	146	282	268	108	184	216	130
ENSP00000264335	204	185	234	183	227	211	165	222	209
ENSP00000305260	204	146	178	157	171	169	161	150	115
ENSP00000254810	203	297	136	224	224	142	233	345	178
ENSP00000290299	200	154	186	197	171	205	171	135	170
ENSP00000262493	199	195	197	225	231	177	204	209	178
ENSP00000216254	199	187	192	265	195	224	267	227	293
ENSP00000321606	199	178	182	258	185	177	198	163	228
ENSP00000340466	199	170	162	136	156	114	168	167	142
ENSP00000364805	193	216	147	194	188	124	182	162	151
ENSP00000364803	187	211	163	172	184	134	202	179	155
ENSP00000361579	186	160	223	178	130	224	167	144	172
ENSP00000306330	185	163	195	197	198	176	177	224	181
ENSP00000338413	182	223	223	334	253	236	295	241	312
ENSP00000339566	181	181	122	178	191	126	168	199	147
ENSP00000276390	181	147	156	185	192	121	178	154	157
ENSP00000348068	181	145	207	259	546	212	411	825	175
ENSP00000298468	178	165	128	187	171	108	206	183	152
ENSP00000299529	176	374	161	183	339	133	124	159	83
ENSP00000380214	176	151	210	169	130	216	161	141	168
ENSP00000330054	174	178	179	167	173	233	155	189	167
ENSP00000300289	173	221	151	140	179	109	160	172	131
ENSP00000400512	173	162	178	161	175	175	145	133	175
ENSP00000362399	170	153	153	167	142	154	159	128	203
ENSP00000376371	170	79	171	119	81	182	149	72	149
ENSP00000358966	168	215	147	169	197	148	184	183	162
ENSP00000310219	168	182	151	172	168	130	199	185	143
ENSP00000283179	168	177	134	175	109	141	161	110	158
ENSP00000362396	165	149	148	158	140	151	151	126	195
ENSP00000376174	165	145	153	141	130	151	150	141	139
ENSP00000359539	164	168	163	216	205	192	202	186	187
ENSP00000307705	163	166	116	163	176	100	158	179	129
ENSP00000342026	162	222	194	137	215	197	155	220	148
ENSP00000188376	162	126	165	166	147	167	171	158	154
ENSP00000345771	162	121	153	93	114	200	99	100	112
ENSP00000251595	159	257	155	417	382	211	379	337	226
ENSP00000369654	159	181	114	321	272	111	344	216	154
ENSP00000291554	159	174	95	140	187	71	124	194	40
ENSP00000354490	159	132	152	148	124	145	127	107	157
ENSP00000216714	158	179	146	164	152	167	162	149	141
ENSP00000164139	157	171	202	120	119	202	142	119	179
ENSP00000299767	157	156	170	115	112	121	128	107	150
ENSP00000226193	155	163	168	173	154	158	156	146	145
ENSP00000269848	155	121	175	105	132	215	119	115	156
ENSP00000300283	153	128	107	157	163	148	151	162	147
ENSP00000424145	150	93	136	105	103	144	133	123	124
ENSP00000286788	149	137	144	150	156	128	150	172	170
ENSP00000329528	147	129	157	122	128	174	127	133	162
ENSP00000354876	146	118	134	129	109	137	149	124	137
ENSP00000302961	145	150	141	145	115	170	145	120	163
ENSP00000325548	144	205	154	115	132	102	115	89	113
ENSP00000307940	144	142	165	152	108	189	149	179	189
ENSP00000300161	144	138	151	159	169	132	141	188	143
ENSP00000299218	143	118	162	106	111	184	128	116	142
ENSP00000251337	143	199	162	160	159	146	182	181	146
ENSP00000352257	142	154	122	160	182	167	154	170	138
ENSP00000377219	141	162	176	195	165	211	185	163	226
ENSP00000345680	141	162	176	197	168	216	192	167	235
ENSP00000365439	140	187	141	165	131	132	179	150	145
ENSP00000365572	140	128	146	121	146	132	165	188	129
ENSP00000346694	139	164	129	166	159	107	171	144	160
ENSP00000363071	139	154	108	120	174	83	102	158	94
ENSP00000305860	138	173	120	178	158	145	170	159	129
ENSP00000265113	138	131	159	109	84	143	137	93	94
ENSP00000295688	135	124	128	142	174	141	130	131	149
ENSP00000013034	134	126	138	111	143	135	157	175	127
ENSP00000293308	134	102	76	37	35	25	28	140	14
ENSP00000263774	133	74	111	108	70	104	149	88	112
ENSP00000247461	132	158	130	113	130	121	128	149	125
ENSP00000272298	132	150	152	154	175	176	127	162	161
ENSP00000203407	132	147	105	184	214	90	187	192	126
ENSP00000318195	132	143	138	127	115	130	135	105	170
ENSP00000272102	131	94	145	96	61	192	115	76	99
ENSP00000221166	131	119	89	141	136	67	92	119	77
ENSP00000320324	130	84	130	67	67	150	78	61	110
ENSP00000265631	130	62	114	89	69	136	122	76	111
ENSP00000261313	129	196	143	183	182	97	160	184	123
ENSP00000296417	129	178	131	189	198	144	188	203	100
ENSP00000338481	129	111	121	117	95	145	113	85	117
ENSP00000329243	128	100	76	36	36	24	20	135	9
ENSP00000297185	126	121	102	142	126	82	166	100	139
ENSP00000252699	126	113	84	89	98	102	124	113	80
ENSP00000351777	125	153	171	165	137	155	173	127	187
ENSP00000265462	123	95	95	137	163	107	127	119	110
ENSP00000302572	122	174	99	174	164	134	162	189	155
ENSP00000282366	120	129	151	133	212	164	164	197	205
ENSP00000313420	120	82	114	68	56	140	109	79	99
ENSP00000273398	119	115	130	147	137	148	132	133	170
ENSP00000356520	119	106	117	90	83	161	111	72	129
ENSP00000252244	118	107	82	28	30	43	26	122	19
ENSP00000217182	118	91	157	117	112	195	117	123	140
ENSP00000233114	116	112	116	125	100	141	127	84	144
ENSP00000299300	114	139	136	176	173	114	166	189	170
ENSP00000327054	114	134	97	130	124	90	137	148	117
ENSP00000317334	113	115	153	121	122	150	134	94	152
ENSP00000225665	112	50	105	82	51	155	125	68	78
ENSP00000238081	111	112	108	118	130	92	105	141	109
ENSP00000256682	111	71	131	81	56	178	97	75	86
ENSP00000277865	110	110	95	89	139	80	129	159	105
ENSP00000355759	110	102	92	95	68	86	106	92	103
ENSP00000340278	109	220	115	189	293	93	180	288	108
ENSP00000404559	109	115	102	110	97	114	118	87	116
ENSP00000382362	109	59	96	81	59	114	102	72	93
ENSP00000215754	109	162	93	154	171	113	140	136	83
ENSP00000227251	109	114	98	74	120	67	93	181	65
ENSP00000309629	107	160	103	157	177	84	122	140	96
ENSP00000292475	107	52	113	72	47	130	95	70	76
ENSP00000387286	106	87	119	83	62	137	100	80	112
ENSP00000264710	105	96	114	97	83	122	99	100	102
ENSP00000342056	104	80	108	92	79	111	88	83	107
ENSP00000327431	104	110	77	163	140	69	179	114	91
ENSP00000193403	104	96	76	72	69	100	96	97	72
ENSP00000355011	104	68	111	60	51	136	78	79	137
ENSP00000233190	102	65	85	74	85	83	101	72	87
ENSP00000325376	101	129	78	128	142	72	100	96	87
ENSP00000320866	98	177	112	68	74	80	80	68	91
ENSP00000322147	98	90	110	50	91	97	50	59	58
ENSP00000310088	97	94	66	118	108	76	54	116	78
ENSP00000346328	96	113	133	123	106	104	98	114	88
ENSP00000362946	96	88	104	92	83	114	92	81	92
ENSP00000394107	95	102	118	107	86	135	110	72	107
ENSP00000311538	95	49	192	113	56	296	135	43	263
ENSP00000248975	94	92	112	95	100	93	90	103	107
ENSP00000310226	94	78	95	78	59	124	97	65	98
ENSP00000246957	94	70	71	68	63	73	79	62	77
ENSP00000326381	94	70	101	83	75	113	80	76	86
ENSP00000318472	93	116	131	124	92	127	96	97	139
ENSP00000290158	92	126	108	101	95	114	104	65	134
ENSP00000304405	91	98	93	104	74	75	124	79	112
ENSP00000223836	90	160	94	179	218	105	143	193	73
ENSP00000293831	90	73	94	89	76	106	81	76	81
ENSP00000346402	88	107	97	82	96	94	93	71	80
ENSP00000265717	88	100	96	132	139	95	141	136	114
ENSP00000354532	87	141	73	32	109	55	59	103	25
ENSP00000337838	87	78	97	52	89	90	55	53	65
ENSP00000300935	87	71	94	72	59	107	76	70	80
ENSP00000268379	87	66	80	77	58	90	81	75	92
ENSP00000347457	87	110	107	121	119	132	122	122	138
ENSP00000350365	87	83	99	50	92	91	47	53	55
ENSP00000362463	85	97	76	92	132	69	110	115	72
ENSP00000367992	85	89	82	75	96	72	82	83	70
ENSP00000353408	85	76	89	48	52	68	61	65	60
ENSP00000331901	85	55	111	69	72	141	69	74	110
ENSP00000260985	84	106	93	67	72	62	78	71	72
ENSP00000348931	83	89	55	74	76	52	72	76	36
ENSP00000222256	83	74	95	75	62	119	79	63	83
ENSP00000349142	83	47	99	61	46	118	69	58	84
ENSP00000346827	82	184	67	111	140	52	100	145	67
ENSP00000312625	82	87	64	88	78	59	87	96	63
ENSP00000241337	81	66	95	34	39	52	53	46	43
ENSP00000333769	80	75	83	94	68	98	86	79	98
ENSP00000358719	80	65	86	35	38	73	46	41	32
ENSP00000346246	80	60	56	64	48	78	69	54	43
ENSP00000229264	80	48	128	90	63	231	88	48	122
ENSP00000343809	79	57	76	82	69	86	85	79	93
ENSP00000349748	78	92	55	89	83	75	72	57	87
ENSP00000370109	77	75	67	104	95	70	85	75	67
ENSP00000327539	76	118	80	137	136	78	106	89	95
ENSP00000224807	76	74	75	94	59	62	95	83	87
ENSP00000339795	76	55	79	52	35	82	63	41	79
ENSP00000278833	76	97	62	66	66	36	54	66	43
ENSP00000350970	76	93	65	83	96	62	75	72	88
ENSP00000280326	76	64	83	97	80	87	92	92	110
ENSP00000222120	76	63	86	62	53	101	74	57	73
ENSP00000300408	75	69	83	110	101	96	116	105	125
ENSP00000312999	74	86	73	92	92	58	70	96	51
ENSP00000230381	74	66	73	62	52	53	55	63	44
ENSP00000298510	73	55	63	53	44	44	69	44	43
ENSP00000304592	73	27	138	35	22	51	89	52	131
ENSP00000301587	72	93	52	112	106	45	103	96	55
ENSP00000312606	72	59	71	53	70	59	60	59	72
ENSP00000323856	72	31	56	27	12	33	33	33	30
ENSP00000221419	71	99	70	95	92	73	101	88	68
ENSP00000275603	71	98	96	95	86	74	96	122	107
ENSP00000324804	71	78	69	93	91	78	91	83	73
ENSP00000370091	71	63	58	99	94	63	83	72	59
ENSP00000338934	70	54	71	37	38	45	62	59	60
ENSP00000270776	70	95	76	102	114	60	97	115	104
ENSP00000327801	70	83	79	56	70	68	64	52	80
ENSP00000242059	70	74	64	67	98	71	41	67	47
ENSP00000233084	70	72	70	77	70	57	75	68	76
ENSP00000362329	68	98	82	74	75	73	84	65	73
ENSP00000324074	68	66	36	59	68	49	51	68	40
ENSP00000401336	68	54	54	48	59	52	54	57	65
ENSP00000217426	67	71	56	58	87	69	73	55	58
ENSP00000252455	67	58	74	45	75	52	72	75	67
ENSP00000303129	67	57	59	48	80	68	70	94	84
ENSP00000327694	67	49	62	64	55	103	60	54	46
ENSP00000221169	67	39	61	99	29	45	59	46	52
ENSP00000378279	66	92	84	90	76	82	90	74	85
ENSP00000261735	66	76	58	64	84	45	92	89	64
ENSP00000358867	66	69	64	83	80	51	66	85	44
ENSP00000260746	66	52	37	37	28	52	52	28	44
ENSP00000353124	66	50	62	54	74	66	66	85	48
ENSP00000000233	66	38	70	44	34	101	42	40	46
ENSP00000193391	65	121	69	81	107	59	104	120	67
ENSP00000295470	65	83	58	83	64	68	78	71	58
ENSP00000263233	65	47	68	65	47	71	63	44	54
ENSP00000335084	65	45	61	64	58	56	70	70	67
ENSP00000306010	65	38	74	43	34	102	43	37	42
ENSP00000217971	65	75	54	81	92	58	69	78	43
ENSP00000264161	65	41	48	35	23	70	51	22	55
ENSP00000309477	63	76	71	44	36	62	42	20	40
ENSP00000272317	63	72	61	75	94	84	61	92	65
ENSP00000290349	63	68	97	66	45	72	47	54	53
ENSP00000250111	63	68	51	47	52	56	47	46	57
ENSP00000285208	63	51	67	50	40	61	51	48	51
ENSP00000221742	63	45	72	33	20	59	51	39	38
ENSP00000371462	63	41	58	53	30	49	56	33	40
ENSP00000377958	63	41	73	64	76	88	72	97	85
ENSP00000215832	62	88	57	60	109	53	54	84	56
ENSP00000322439	62	64	47	75	83	45	74	75	71
ENSP00000322594	62	55	63	56	48	66	55	53	54
ENSP00000287295	62	53	53	67	69	64	63	57	61
ENSP00000311449	62	51	66	49	40	61	51	49	51
ENSP00000310861	62	46	46	35	69	51	76	61	71
ENSP00000349588	62	43	50	66	53	47	52	40	55
ENSP00000265563	61	92	54	99	125	64	98	113	88
ENSP00000359645	61	73	50	80	64	64	78	53	69
ENSP00000353508	61	72	77	104	100	103	72	75	124
ENSP00000322450	61	67	61	72	56	52	78	65	65
ENSP00000317659	61	58	50	77	83	41	62	66	63
ENSP00000263354	61	49	84	54	64	86	72	59	63
ENSP00000342830	61	41	58	23	23	37	46	43	44
ENSP00000369320	61	39	51	37	33	66	36	33	48
ENSP00000254722	61	38	81	67	292	80	78	351	65
ENSP00000258091	60	103	87	96	101	105	88	115	130
ENSP00000268251	60	65	63	92	86	55	85	74	78
ENSP00000353660	59	89	45	72	120	32	59	98	25
ENSP00000293422	59	69	54	60	79	42	63	93	48
ENSP00000400717	59	59	65	74	72	49	61	76	40
ENSP00000276079	59	52	59	54	66	85	63	49	76
ENSP00000250241	59	48	66	49	36	68	59	61	72
ENSP00000313814	59	45	66	43	36	89	45	46	59
ENSP00000311997	59	44	48	72	25	33	51	33	37
ENSP00000174661	59	60	59	64	39	66	69	30	75
ENSP00000216181	59	53	52	34	28	66	58	22	59
ENSP00000266544	59	53	65	57	46	65	75	71	69
ENSP00000355651	59	49	58	49	39	60	51	48	51
ENSP00000312734	59	48	65	46	41	80	51	49	56
ENSP00000261205	59	44	54	49	41	59	63	31	56
ENSP00000261772	59	38	62	61	58	77	67	50	54
ENSP00000360125	58	93	83	66	125	97	74	100	67
ENSP00000246554	58	73	40	73	100	39	72	92	62
ENSP00000371393	58	70	83	45	74	86	51	78	57
ENSP00000352228	58	49	56	43	41	49	47	36	58
ENSP00000356787	58	40	47	59	45	52	59	40	60
ENSP00000388732	58	35	53	53	28	52	64	48	46
ENSP00000281828	58	34	71	54	35	89	51	33	90
ENSP00000329662	57	69	40	65	84	68	79	61	69
ENSP00000342033	57	58	56	67	59	60	65	49	54
ENSP00000334876	57	57	54	51	47	54	78	48	61
ENSP00000265062	57	46	71	42	28	65	55	45	77
ENSP00000378861	57	44	61	44	42	61	48	43	62
ENSP00000298556	56	77	55	72	47	80	83	61	69
ENSP00000272227	56	72	73	45	39	47	51	35	72
ENSP00000301785	56	53	55	51	42	55	46	41	77
ENSP00000346037	56	50	54	61	62	52	51	50	52
ENSP00000426433	56	46	52	67	51	60	67	59	67
ENSP00000346032	56	34	55	37	6	39	33	15	34
ENSP00000267884	55	57	33	50	42	43	52	48	33
ENSP00000340989	55	52	66	59	57	46	50	78	57
ENSP00000196551	55	49	66	54	41	75	67	26	73
ENSP00000323929	55	46	87	30	58	53	85	129	44
ENSP00000366225	55	39	71	47	48	82	64	45	72
ENSP00000222673	55	38	70	63	42	66	78	55	76
ENSP00000349415	54	57	46	46	35	49	44	45	39
ENSP00000374777	54	55	52	137	203	78	214	305	93
ENSP00000338576	54	50	50	31	25	59	51	19	52
ENSP00000255622	54	43	28	32	38	16	23	20	12
ENSP00000426909	54	31	64	35	44	68	42	28	53
ENSP00000305958	54	63	43	62	48	22	57	54	37
ENSP00000344762	53	69	43	62	66	39	54	68	51
ENSP00000344868	53	50	54	40	64	60	58	55	53
ENSP00000296122	53	47	54	57	62	53	67	74	53
ENSP00000229340	53	43	55	43	31	63	43	48	54
ENSP00000290573	53	41	49	15	20	34	34	22	39
ENSP00000337448	53	28	39	22	16	42	25	19	32
ENSP00000255266	53	27	27	23	22	21	25	14	12
ENSP00000340888	52	75	37	50	42	19	31	54	26
ENSP00000359245	52	59	22	47	27	23	51	37	13
ENSP00000296255	52	58	49	33	24	46	40	36	47
ENSP00000261733	52	42	55	48	53	64	42	46	62
ENSP00000278572	52	32	70	40	34	78	50	26	50
ENSP00000413876	52	30	55	38	23	63	33	22	68
ENSP00000343040	51	82	39	71	83	48	69	81	57
ENSP00000264932	51	66	54	71	76	45	66	98	48
ENSP00000240185	51	50	49	40	35	48	55	32	48
ENSP00000317123	51	49	56	46	28	52	55	32	46
ENSP00000302393	51	43	44	69	86	42	69	127	33
ENSP00000269243	51	40	54	25	36	59	49	26	66
ENSP00000340815	51	34	62	44	38	62	61	40	51
ENSP00000316905	51	34	55	56	36	48	68	54	54
ENSP00000378107	51	25	50	31	29	53	25	23	34
ENSP00000299518	50	58	44	89	96	41	107	105	55
ENSP00000226299	50	122	37	46	86	22	45	109	31
ENSP00000225792	50	62	48	82	69	59	71	65	57
ENSP00000284320	50	54	52	57	55	56	48	50	57
ENSP00000356972	50	31	50	40	36	69	47	45	58
ENSP00000281243	49	73	122	46	72	90	54	110	94
ENSP00000354873	49	38	41	56	45	41	43	31	47
ENSP00000298159	48	68	44	64	79	47	60	59	47
ENSP00000368646	48	63	35	56	79	27	64	89	37
ENSP00000269349	48	48	48	61	57	39	42	58	48
ENSP00000267512	48	41	53	38	31	61	42	44	52
ENSP00000252711	48	26	41	29	36	43	40	57	37
ENSP00000333504	48	89	54	82	58	67	81	48	62
ENSP00000314214	48	70	41	71	90	46	36	43	60
ENSP00000252576	48	54	61	46	52	41	48	59	61
ENSP00000252603	48	51	40	30	63	30	48	50	30
ENSP00000354947	48	50	41	44	57	34	42	50	48
ENSP00000264639	48	34	51	30	33	61	34	19	42
ENSP00000253792	48	18	62	12	5	32	43	9	58
ENSP00000341285	47	89	53	79	56	67	80	48	60
ENSP00000313164	47	62	54	65	61	60	68	68	56
ENSP00000296464	47	55	41	71	58	46	47	44	57
ENSP00000305556	47	54	33	58	44	30	46	43	49
ENSP00000369915	47	46	56	37	52	44	40	40	46
ENSP00000307241	47	34	28	68	47	29	69	36	38
ENSP00000347109	47	24	33	20	14	29	24	14	26
ENSP00000320043	46	45	42	36	40	32	35	32	31
ENSP00000195649	46	44	54	38	48	73	45	33	35
ENSP00000285930	46	32	39	29	39	32	36	40	31
ENSP00000341524	46	30	33	32	39	30	27	27	37
ENSP00000301764	46	22	30	17	25	42	24	23	25
ENSP00000371890	45	59	42	57	67	40	48	46	58
ENSP00000235835	45	54	40	34	56	23	43	50	33
ENSP00000300026	45	53	40	38	20	47	36	30	28
ENSP00000263025	45	42	40	44	76	31	40	65	41
ENSP00000355518	45	42	33	49	40	45	47	40	61
ENSP00000359723	45	32	46	38	42	65	55	31	43
ENSP00000342564	45	25	40	16	28	29	28	32	27
ENSP00000380033	44	58	55	59	46	51	64	50	52
ENSP00000349878	44	47	37	52	56	36	59	61	44
ENSP00000272167	44	41	58	26	27	55	51	45	34
ENSP00000263383	44	30	38	17	8	26	33	13	32
ENSP00000260665	44	28	69	36	27	76	60	33	66
ENSP00000358211	44	19	53	40	8	50	25	7	32
ENSP00000265866	43	53	40	62	48	36	58	40	33
ENSP00000338477	43	48	36	52	61	36	60	45	29
ENSP00000216121	43	38	24	50	45	28	59	71	41
ENSP00000288699	43	33	63	50	45	59	36	33	54
ENSP00000259396	43	29	55	61	122	58	83	171	33
ENSP00000265112	43	26	42	34	17	58	32	18	41
ENSP00000346050	43	25	52	33	30	55	38	27	59
ENSP00000253413	43	47	37	53	45	55	55	46	41
ENSP00000361947	43	47	41	46	25	49	44	17	53
ENSP00000377833	43	43	50	45	46	50	48	45	40
ENSP00000346921	42	63	23	59	66	24	59	74	37
ENSP00000265838	42	44	47	44	47	29	49	35	55
ENSP00000296873	42	42	25	43	55	19	33	48	26
ENSP00000263366	42	32	42	27	29	55	30	20	30
ENSP00000345656	42	24	31	35	13	39	34	11	36
ENSP00000370023	42	21	42	21	13	43	33	19	42
ENSP00000374990	41	47	55	144	219	107	285	494	144
ENSP00000291567	41	43	58	38	31	71	51	31	40
ENSP00000373200	41	41	43	49	51	20	46	37	48
ENSP00000355537	41	27	23	33	22	37	61	39	24
ENSP00000311489	41	27	38	29	18	39	48	30	34
ENSP00000355890	41	24	56	37	19	53	41	11	45
ENSP00000256594	41	21	30	17	28	26	18	36	13
ENSP00000353444	41	14	49	20	30	45	33	27	37
ENSP00000373000	40	42	42	46	48	32	42	57	43
ENSP00000343885	40	34	36	35	31	39	46	27	21
ENSP00000273512	40	34	33	36	35	30	27	20	37
ENSP00000311825	40	31	42	32	24	35	31	18	24
ENSP00000262428	40	25	38	36	39	29	46	35	12
ENSP00000380414	40	25	33	21	19	30	36	11	31
ENSP00000317159	40	24	27	32	24	38	34	36	36
ENSP00000404070	39	70	43	58	80	45	69	59	41
ENSP00000265384	39	49	38	44	36	36	38	40	30
ENSP00000411825	39	24	46	47	50	68	37	45	42
ENSP00000264649	39	21	21	19	10	27	31	10	15
ENSP00000261875	39	17	31	20	17	36	24	14	27
ENSP00000376309	38	41	38	38	42	40	35	43	37
ENSP00000258424	38	39	27	54	52	26	43	45	42
ENSP00000350531	37	52	25	54	69	25	39	50	24
ENSP00000339399	37	45	36	27	34	32	36	31	29
ENSP00000258512	37	36	33	21	35	27	36	28	43
ENSP00000284384	37	34	28	27	22	18	22	18	13
ENSP00000307156	37	31	36	25	23	44	51	10	44
ENSP00000417580	37	30	32	18	10	32	32	10	34
ENSP00000322020	37	27	56	28	30	58	49	52	55
ENSP00000245925	37	23	35	18	7	25	20	6	17
ENSP00000339027	37	16	57	29	27	57	32	19	52
ENSP00000408910	37	47	41	33	39	22	49	24	36
ENSP00000370521	37	42	17	32	45	21	20	15	8
ENSP00000400175	37	40	38	32	34	45	35	32	48
ENSP00000244458	37	33	32	42	31	32	42	36	39
ENSP00000361076	37	33	35	31	20	40	30	17	47
ENSP00000264758	37	30	30	51	74	30	44	50	30
ENSP00000216455	37	27	21	26	31	20	20	41	23
ENSP00000221975	37	27	45	30	38	46	33	31	48
ENSP00000345689	37	16	43	19	22	41	32	18	29
ENSP00000246069	36	63	16	58	64	32	52	35	24
ENSP00000268668	36	34	34	43	31	25	41	36	29
ENSP00000296402	36	34	33	30	22	37	44	28	30
ENSP00000339850	36	32	40	47	27	49	23	9	47
ENSP00000293813	36	31	32	33	28	25	36	11	29
ENSP00000351177	36	31	30	27	16	22	41	24	30
ENSP00000369893	36	29	35	23	25	25	24	23	32
ENSP00000309591	36	26	32	27	30	55	43	18	43
ENSP00000347495	36	25	35	32	28	30	36	44	29
ENSP00000318687	36	24	33	35	29	31	31	19	34
ENSP00000377640	36	24	27	32	29	33	35	27	40
ENSP00000361927	35	57	40	58	52	44	44	37	62
ENSP00000201886	35	55	20	50	69	25	55	54	36
ENSP00000311670	35	51	24	42	42	13	37	40	17
ENSP00000409475	35	46	33	27	33	40	41	44	40
ENSP00000234677	35	39	38	37	44	42	38	41	38
ENSP00000296425	35	35	28	27	33	18	25	33	17
ENSP00000361283	35	33	54	29	38	59	39	19	65
ENSP00000270142	35	30	16	31	53	20	37	41	14
ENSP00000384863	35	28	34	31	27	52	32	36	30
ENSP00000262776	35	22	52	32	24	52	37	45	52
ENSP00000362817	35	21	46	22	16	25	40	22	29
ENSP00000319281	35	20	32	15	31	25	30	30	39
ENSP00000340716	35	14	44	12	14	49	22	15	28
ENSP00000358737	35	9	27	17	17	28	27	22	26
ENSP00000427408	34	48	31	57	52	24	38	37	41
ENSP00000360739	34	48	38	41	47	39	30	27	42
ENSP00000378041	34	44	28	48	34	42	44	35	35
ENSP00000254108	34	44	28	47	34	42	45	35	36
ENSP00000346240	34	34	36	28	33	32	25	20	32
ENSP00000379888	34	33	54	29	40	62	39	19	71
ENSP00000306496	34	32	34	32	30	39	31	32	29
ENSP00000339720	34	31	46	36	31	48	29	26	31
ENSP00000253024	34	30	40	28	18	53	30	20	42
ENSP00000349560	34	29	35	28	20	32	28	27	29
ENSP00000302896	34	27	43	29	27	55	37	28	34
ENSP00000347380	34	26	35	30	19	29	44	22	42
ENSP00000284440	34	20	30	20	10	18	32	14	17
ENSP00000299633	34	19	31	29	22	30	27	23	31
ENSP00000346067	34	10	30	11	12	49	21	7	37
ENSP00000253332	33	62	37	33	50	28	41	36	26
ENSP00000369736	33	56	32	58	90	26	69	91	36
ENSP00000284719	33	56	41	41	47	41	49	39	48
ENSP00000374985	33	47	52	109	145	75	169	282	79
ENSP00000296503	33	43	13	29	59	25	47	71	21
ENSP00000332706	33	34	57	49	29	45	41	35	40
ENSP00000337127	33	27	26	27	29	25	35	35	21
ENSP00000327268	33	20	16	21	17	13	25	15	19
ENSP00000348093	32	49	33	54	33	40	45	46	33
ENSP00000317780	32	44	19	43	44	18	42	58	20
ENSP00000357861	32	43	18	19	41	6	11	15	2
ENSP00000241704	32	35	34	25	17	32	26	17	39
ENSP00000329797	32	33	39	49	33	57	36	31	56
ENSP00000368767	32	28	31	26	13	34	27	10	19
ENSP00000276066	32	28	33	26	20	31	27	27	26
ENSP00000336741	32	27	34	28	20	37	31	27	37
ENSP00000359910	32	17	41	15	20	32	19	17	21
ENSP00000262646	32	17	45	15	8	71	26	14	32
ENSP00000362352	32	48	25	41	39	44	35	45	42
ENSP00000365233	32	36	17	65	51	40	30	20	22
ENSP00000215829	32	34	28	29	17	30	31	19	31
ENSP00000315774	32	32	33	29	30	31	33	33	39
ENSP00000263168	32	29	33	31	38	26	33	33	37
ENSP00000264326	32	29	42	31	29	31	35	20	47
ENSP00000360718	32	28	35	29	20	43	35	30	32
ENSP00000251453	32	27	47	26	27	52	30	28	38
ENSP00000348693	32	19	33	23	13	47	29	7	33
ENSP00000347359	32	16	28	20	18	32	26	17	26
ENSP00000326473	31	46	36	37	46	36	29	26	38
ENSP00000377466	31	30	34	17	2	37	24	30	31
ENSP00000350310	31	30	40	26	24	46	31	23	37
ENSP00000228740	31	28	35	25	30	28	21	23	28
ENSP00000343535	31	27	40	23	23	49	45	27	38
ENSP00000264073	31	26	24	25	25	32	33	18	26
ENSP00000262325	31	20	36	29	25	38	26	27	40
ENSP00000269576	31	19	32	13	13	34	15	9	22
ENSP00000216407	30	50	34	34	50	30	37	24	41
ENSP00000364286	30	44	26	30	35	25	33	31	25
ENSP00000311344	30	44	29	45	40	33	47	37	36
ENSP00000374987	30	44	47	104	126	74	155	236	75
ENSP00000339729	30	39	28	26	50	22	24	45	14
ENSP00000338358	30	39	30	20	31	28	27	39	15
ENSP00000196371	30	32	22	33	31	24	46	27	25
ENSP00000260956	30	32	34	30	18	35	28	19	35
ENSP00000261182	30	30	36	22	36	39	23	32	38
ENSP00000295776	30	28	24	38	30	27	29	22	25
ENSP00000376388	30	26	30	27	20	29	26	27	26
ENSP00000243298	30	26	30	26	20	30	28	27	26
ENSP00000419879	30	22	33	33	22	33	36	22	26
ENSP00000346643	30	22	31	28	34	29	39	40	27
ENSP00000264893	30	20	14	19	23	17	17	18	19
ENSP00000374370	30	12	33	12	8	32	25	7	23
ENSP00000364794	30	12	54	15	6	64	24	11	50
ENSP00000273047	30	10	35	12	22	34	21	17	22
ENSP00000362744	30	10	33	18	17	32	32	14	33
ENSP00000211402	30	8	48	16	10	52	32	18	51
ENSP00000358945	30	4	54	26	17	79	28	30	45
ENSP00000283415	29	51	20	36	30	24	36	14	20
ENSP00000284031	29	43	18	45	64	14	29	36	14
ENSP00000351410	29	27	27	29	39	21	32	45	21
ENSP00000347271	29	27	37	34	31	40	42	27	35
ENSP00000358921	29	27	37	36	17	30	35	26	42
ENSP00000366526	29	27	38	28	33	39	26	48	43
ENSP00000262414	29	26	27	31	27	33	38	23	34
ENSP00000257497	29	25	22	12	6	4	8	11	3
ENSP00000316176	29	25	17	13	17	18	17	10	20
ENSP00000223136	29	22	32	27	19	26	25	14	37
ENSP00000252999	29	20	19	26	19	13	31	37	20
ENSP00000313438	29	19	25	15	16	34	28	14	22
ENSP00000309334	29	18	41	26	19	35	32	18	21
ENSP00000233714	29	17	35	28	33	46	24	27	19
ENSP00000280346	29	15	23	27	16	32	43	18	30
ENSP00000390739	29	12	15	16	8	18	15	6	12
ENSP00000261173	29	10	28	13	5	37	22	5	25
ENSP00000298852	28	43	33	37	40	27	37	28	26
ENSP00000250559	28	35	29	37	36	28	42	48	30
ENSP00000258682	28	35	50	36	35	47	48	35	39
ENSP00000306003	28	35	30	42	38	25	30	43	40
ENSP00000361057	28	25	38	15	8	51	38	15	23
ENSP00000261700	28	24	22	18	13	19	25	20	20
ENSP00000341466	28	22	20	26	31	7	20	23	18
ENSP00000004982	28	22	18	31	30	21	25	27	18
ENSP00000294623	28	21	9	27	25	6	18	23	12
ENSP00000292807	28	21	22	17	14	23	23	15	21
ENSP00000253788	28	21	27	26	28	28	22	17	31
ENSP00000233893	28	21	25	41	38	29	50	32	35
ENSP00000410680	28	19	21	31	19	32	29	22	32
ENSP00000354615	28	14	36	23	11	30	29	10	41
ENSP00000297542	27	57	29	42	57	32	48	53	39
ENSP00000216038	27	50	26	46	47	31	44	52	41
ENSP00000298248	27	33	29	19	19	22	20	20	17
ENSP00000307889	27	28	24	28	35	23	33	33	28
ENSP00000268717	27	28	33	20	17	32	25	17	31
ENSP00000248553	27	26	16	19	28	10	30	36	8
ENSP00000414357	27	25	14	18	24	10	30	33	7
ENSP00000301328	27	25	21	25	25	19	30	26	17
ENSP00000346762	27	22	48	20	18	50	36	19	42
ENSP00000335304	27	20	30	42	28	28	39	35	35
ENSP00000261574	27	17	24	10	11	37	15	13	9
ENSP00000322234	27	16	33	13	6	37	28	11	21
ENSP00000300688	27	15	34	19	16	34	24	13	24
ENSP00000382981	27	15	27	31	16	33	25	14	24
ENSP00000341138	27	15	27	33	16	36	26	14	24
ENSP00000370223	27	14	29	27	31	29	20	20	33
ENSP00000317379	27	12	43	17	10	45	42	10	73
ENSP00000303279	26	44	37	38	34	36	60	33	63
ENSP00000337040	26	41	25	43	40	24	41	44	41
ENSP00000264613	26	35	33	46	91	48	59	96	21
ENSP00000315130	26	33	40	23	219	17	42	247	30
ENSP00000303222	26	33	33	33	38	27	32	23	33
ENSP00000362212	26	33	34	41	35	33	57	39	33
ENSP00000324892	26	29	40	18	3	51	16	7	22
ENSP00000391944	26	29	32	30	48	20	34	27	28
ENSP00000369927	26	28	26	15	22	22	13	11	11
ENSP00000261479	26	27	20	16	29	16	25	22	18
ENSP00000320309	26	27	44	29	30	46	34	30	48
ENSP00000321071	26	25	27	25	24	21	30	19	26
ENSP00000379613	26	24	31	21	23	29	28	15	27
ENSP00000308057	26	23	34	30	50	31	27	28	17
ENSP00000265983	26	23	39	94	186	52	96	149	42
ENSP00000205402	26	23	31	25	17	16	42	27	45
ENSP00000005257	26	21	26	23	17	24	20	15	22
ENSP00000253452	26	21	25	18	13	23	42	20	36
ENSP00000309474	26	20	22	16	14	23	25	15	18
ENSP00000366488	26	20	22	23	22	37	26	14	33
ENSP00000278752	26	16	32	10	5	25	20	9	24
ENSP00000261366	26	48	26	25	28	18	32	40	24
ENSP00000215909	26	46	18	30	46	8	32	33	9
ENSP00000269321	26	35	31	26	22	26	20	31	24
ENSP00000353157	26	33	24	19	33	18	20	20	18
ENSP00000216218	26	31	28	17	10	11	23	13	23
ENSP00000281589	26	27	24	26	19	25	32	23	28
ENSP00000242776	26	27	27	28	29	17	24	30	28
ENSP00000273258	26	19	17	27	22	24	26	31	20
ENSP00000221413	26	19	23	26	28	23	24	28	27
ENSP00000346022	26	16	30	13	17	36	21	9	29
ENSP00000304287	26	15	14	14	13	18	16	10	16
ENSP00000265168	26	15	26	18	16	19	31	20	18
ENSP00000263373	26	11	22	10	8	25	24	7	15
ENSP00000368542	26	9	28	4	6	18	28	9	17
ENSP00000373214	26	8	31	20	11	29	26	14	30
ENSP00000231572	26	8	40	12	6	45	24	14	39
ENSP00000299299	25	33	17	27	42	19	20	35	11
ENSP00000267950	25	30	28	41	30	25	48	39	51
ENSP00000305230	25	27	14	27	34	14	35	31	16
ENSP00000290354	25	23	33	20	19	29	20	19	31
ENSP00000310129	25	22	22	19	23	32	22	17	18
ENSP00000306881	25	21	22	30	18	31	24	18	25
ENSP00000344504	25	20	32	27	14	47	31	19	48
ENSP00000330225	25	19	30	28	25	25	14	17	36
ENSP00000261712	25	17	26	14	17	24	14	18	17
ENSP00000367909	25	17	31	18	18	24	26	14	32
ENSP00000304350	25	14	24	13	11	42	30	22	20
ENSP00000311430	25	11	40	11	12	31	20	7	32
ENSP00000367336	25	10	36	14	11	34	24	13	31
ENSP00000262269	24	32	29	27	35	25	29	23	27
ENSP00000374992	24	31	37	87	114	67	126	210	70
ENSP00000327255	24	29	24	27	30	22	30	26	17
ENSP00000311930	24	27	29	40	36	37	45	46	44
ENSP00000221138	24	26	19	29	19	19	23	23	28
ENSP00000409795	24	26	33	16	31	32	17	26	34
ENSP00000184266	24	23	25	21	17	22	25	30	29
ENSP00000363641	24	22	15	11	23	12	16	27	11
ENSP00000336702	24	21	14	20	20	17	21	22	13
ENSP00000273130	24	19	33	23	19	31	26	9	32
ENSP00000264663	24	19	32	35	11	36	25	11	39
ENSP00000344547	24	18	7	20	6	3	5	1	11
ENSP00000268150	24	18	11	13	10	8	15	10	11
ENSP00000272519	24	17	25	18	16	19	18	14	17
ENSP00000264904	24	17	21	12	6	26	17	7	17
ENSP00000260563	24	16	19	11	11	15	11	11	13
ENSP00000357816	24	15	23	14	8	18	18	14	15
ENSP00000350823	24	12	31	13	11	32	34	19	28
ENSP00000352581	24	9	21	12	6	20	15	7	20
ENSP00000236228	23	48	27	33	30	32	32	20	37
ENSP00000359717	23	47	28	27	50	24	22	46	28
ENSP00000249924	23	45	28	42	52	26	39	49	22
ENSP00000336687	23	30	22	22	34	25	28	41	29
ENSP00000237014	23	29	22	83	223	29	68	286	21
ENSP00000418447	23	27	19	32	24	21	27	26	29
ENSP00000261793	23	27	37	28	20	33	36	24	32
ENSP00000356236	23	25	14	14	10	29	21	9	22
ENSP00000261263	23	23	17	14	13	16	13	18	14
ENSP00000257309	23	21	19	16	7	10	24	9	25
ENSP00000262340	23	20	28	38	14	26	85	55	55
ENSP00000346403	23	19	25	20	14	10	30	13	13
ENSP00000358106	23	17	30	15	6	32	29	6	40
ENSP00000215773	23	14	12	20	42	20	29	33	8
ENSP00000300413	23	14	14	21	14	22	21	18	18
ENSP00000262193	23	14	15	16	13	23	16	11	19
ENSP00000387654	23	12	26	11	7	20	27	26	21
ENSP00000290949	23	12	14	12	8	32	18	13	22
ENSP00000254442	23	11	16	11	6	19	10	6	16
ENSP00000318646	23	11	25	10	19	37	22	18	28
ENSP00000264436	23	10	14	29	24	14	30	23	22
ENSP00000263710	23	7	22	10	6	19	14	6	17
ENSP00000271308	22	32	24	29	33	25	17	20	19
ENSP00000267502	22	30	10	34	30	24	28	35	17
ENSP00000216330	22	28	35	36	25	33	32	18	34
ENSP00000310493	22	26	20	12	12	20	20	15	18
ENSP00000356411	22	26	24	13	31	22	27	19	20
ENSP00000340684	22	26	15	22	14	19	24	14	27
ENSP00000373918	22	23	31	27	23	25	28	19	29
ENSP00000230050	22	22	22	26	34	26	24	35	21
ENSP00000285046	22	17	18	23	28	19	15	17	23
ENSP00000363162	22	17	17	30	28	11	18	18	23
ENSP00000001008	22	16	22	21	16	14	20	14	14
ENSP00000280772	22	16	22	22	23	16	15	11	17
ENSP00000304006	22	15	26	12	14	30	17	35	17
ENSP00000291700	22	12	12	12	7	3	6	24	4
ENSP00000263802	22	11	8	11	10	4	6	20	6
ENSP00000356015	22	11	21	16	6	11	18	6	16
ENSP00000345156	22	11	39	16	6	50	19	6	32
ENSP00000357535	21	26	16	44	44	13	42	61	24
ENSP00000345848	21	26	24	18	12	16	24	14	34
ENSP00000348116	21	25	18	21	30	18	15	23	15
ENSP00000419158	21	25	19	18	30	20	18	26	21
ENSP00000242284	21	25	19	17	30	20	18	27	21
ENSP00000299136	21	22	29	28	27	21	15	31	23
ENSP00000394690	21	21	29	17	6	42	22	4	16
ENSP00000364188	21	21	22	18	14	19	19	10	20
ENSP00000359345	21	21	35	30	13	32	17	17	27
ENSP00000256108	21	21	26	28	31	25	26	31	32
ENSP00000258737	21	20	29	28	29	20	18	17	27
ENSP00000364979	21	20	18	20	14	18	31	26	29
ENSP00000354429	21	20	30	40	23	26	42	30	41
ENSP00000223321	21	19	29	17	13	19	21	17	20
ENSP00000422380	21	15	18	11	8	19	19	6	17
ENSP00000358140	21	15	30	8	7	32	13	11	28
ENSP00000216200	21	14	33	18	25	35	35	22	19
ENSP00000271373	21	10	24	7	10	29	21	9	24
ENSP00000263519	21	6	21	5	1	23	7	2	14
ENSP00000304139	20	38	23	29	20	31	34	22	30
ENSP00000229268	20	33	19	37	40	23	33	44	25
ENSP00000358415	20	32	29	28	44	29	24	35	22
ENSP00000378244	20	26	38	27	24	35	36	24	30
ENSP00000265447	20	24	23	27	23	30	22	18	23
ENSP00000301453	20	23	22	23	35	24	31	32	22
ENSP00000234038	20	21	25	28	19	26	26	18	17
ENSP00000232219	20	21	31	18	19	22	42	28	37
ENSP00000266479	20	19	41	31	13	42	42	14	43
ENSP00000421193	20	16	18	22	23	20	31	27	8
ENSP00000269095	20	16	35	22	12	32	20	19	34
ENSP00000297564	20	15	24	18	17	19	22	23	24
ENSP00000261192	20	15	34	19	12	25	26	13	32
ENSP00000268835	20	14	14	11	16	18	17	13	13
ENSP00000265395	20	12	17	29	23	25	35	28	28
ENSP00000394936	20	11	33	30	53	32	33	62	16
ENSP00000269143	20	11	21	22	19	19	14	15	20
ENSP00000316203	20	10	28	18	20	43	21	20	19
ENSP00000287038	20	8	36	6	13	32	13	7	25
ENSP00000264018	20	7	18	5	8	18	7	5	14
ENSP00000347988	20	33	19	38	29	15	34	39	17
ENSP00000364691	20	25	9	16	13	4	15	18	8
ENSP00000044462	20	25	22	20	27	22	24	24	23
ENSP00000363609	20	22	12	34	59	11	29	58	13
ENSP00000341885	20	22	27	31	25	31	32	30	28
ENSP00000217652	20	21	13	23	25	17	24	20	20
ENSP00000300605	20	19	24	8	12	22	16	6	16
ENSP00000331787	20	18	21	6	7	26	8	5	7
ENSP00000216727	20	16	17	16	22	10	17	9	22
ENSP00000292644	20	15	28	17	23	26	14	10	17
ENSP00000352092	20	14	7	13	8	11	12	10	16
ENSP00000281455	20	14	37	7	7	23	15	7	18
ENSP00000262097	20	14	31	13	16	41	26	18	48
ENSP00000373090	20	12	14	16	8	21	15	9	19
ENSP00000084795	20	11	20	11	18	17	16	17	14
ENSP00000358283	20	10	22	11	10	22	10	13	13
ENSP00000295901	20	9	26	13	17	29	23	15	17
ENSP00000303043	20	9	21	8	8	21	12	5	18
ENSP00000280704	20	8	13	12	8	5	9	7	10
ENSP00000313050	20	8	13	7	12	8	15	15	16
ENSP00000311245	20	7	20	10	18	24	11	11	14
ENSP00000349297	20	7	29	15	7	25	13	9	18
ENSP00000296930	19	38	18	44	70	17	38	59	18
ENSP00000353467	19	32	21	16	24	13	21	20	13
ENSP00000240343	19	22	20	18	14	29	17	13	24
ENSP00000357616	19	22	21	26	10	33	9	4	26
ENSP00000356448	19	19	16	18	20	20	19	10	18
ENSP00000395535	19	19	17	27	14	15	24	15	25
ENSP00000306397	19	19	29	31	34	41	33	31	35
ENSP00000233121	19	17	15	18	13	22	15	14	15
ENSP00000350914	19	17	19	21	10	14	34	19	37
ENSP00000216479	19	12	18	13	8	9	15	7	15
ENSP00000256216	19	11	19	10	8	18	15	11	14
ENSP00000315931	19	11	10	13	8	10	13	10	16
ENSP00000363827	19	11	10	26	6	15	37	17	21
ENSP00000216034	19	10	18	14	13	19	17	11	18
ENSP00000359233	19	10	21	11	2	14	14	5	19
ENSP00000225972	19	9	15	7	11	17	10	9	13
ENSP00000276689	19	9	16	8	16	20	23	17	17
ENSP00000280187	19	8	27	15	10	29	16	5	14
ENSP00000274569	19	6	13	6	6	9	8	6	6
ENSP00000356858	19	5	27	8	3	25	17	4	15
ENSP00000236850	19	5	8	73	101	32	54	85	15
ENSP00000267113	19	4	25	7	1	23	9	1	14
ENSP00000324172	19	3	16	7	1	21	8	1	17
ENSP00000285735	18	42	24	29	47	14	23	40	21
ENSP00000276461	18	25	17	25	38	16	27	27	22
ENSP00000301729	18	23	9	31	22	22	37	44	39
ENSP00000307078	18	18	19	20	10	19	20	19	21
ENSP00000363676	18	18	23	20	17	21	24	20	21
ENSP00000282382	18	17	17	15	13	19	18	10	16
ENSP00000361878	18	14	24	27	31	24	29	46	16
ENSP00000379147	18	14	21	21	13	26	15	15	23
ENSP00000328358	18	11	13	11	10	11	15	17	15
ENSP00000252242	18	11	13	11	12	10	15	23	18
ENSP00000379203	18	11	17	13	8	22	21	15	20
ENSP00000225426	18	10	25	10	8	38	18	10	18
ENSP00000361254	18	9	35	7	6	26	17	1	30
ENSP00000329419	18	7	12	3	2	23	6	4	12
ENSP00000349887	18	7	12	14	12	12	19	10	18
ENSP00000357838	18	7	24	12	3	24	18	9	20
ENSP00000356177	18	6	23	6	5	27	12	10	14
ENSP00000380431	18	5	18	7	5	19	16	4	10
ENSP00000347665	18	5	14	3	1	11	15	1	14
ENSP00000369134	18	5	24	30	12	23	24	18	33
ENSP00000345445	18	4	14	7	3	18	14	7	10
ENSP00000366262	17	36	28	52	53	19	32	58	31
ENSP00000263398	17	35	18	17	23	10	15	32	7
ENSP00000417451	17	29	18	23	19	17	24	19	24
ENSP00000327116	17	23	20	18	20	17	24	15	20
ENSP00000291565	17	22	15	11	20	17	10	31	21
ENSP00000364649	17	18	16	15	14	16	26	19	10
ENSP00000322887	17	17	16	26	27	37	24	5	26
ENSP00000262890	17	16	16	12	16	16	15	15	15
ENSP00000376793	17	16	33	31	52	39	54	126	19
ENSP00000423325	17	14	12	12	24	17	29	18	13
ENSP00000293350	17	14	28	17	17	28	26	10	28
ENSP00000313567	17	12	18	7	8	21	13	14	10
ENSP00000381461	17	10	21	10	7	19	10	7	12
ENSP00000278353	17	10	27	7	13	20	16	15	14
ENSP00000262854	17	10	20	15	13	22	18	10	30
ENSP00000273359	17	9	15	12	11	17	14	11	16
ENSP00000332887	17	8	14	11	5	23	13	7	12
ENSP00000335321	17	8	15	7	5	24	15	5	16
ENSP00000321347	17	6	18	6	3	22	11	4	13
ENSP00000379876	17	5	4	11	6	7	18	14	5
ENSP00000344456	16	29	16	20	30	19	23	24	18
ENSP00000172229	16	24	18	8	19	11	15	22	12
ENSP00000343966	16	22	17	18	16	17	18	14	16
ENSP00000414067	16	21	15	22	18	17	17	24	17
ENSP00000310670	16	19	25	20	25	27	24	20	27
ENSP00000287600	16	17	11	17	24	11	17	22	17
ENSP00000289228	16	17	18	25	13	12	16	14	24
ENSP00000363041	16	17	23	26	13	22	26	27	27
ENSP00000370254	16	16	15	11	20	11	6	6	6
ENSP00000334886	16	15	21	34	28	19	19	15	21
ENSP00000340820	16	15	21	34	28	20	19	15	21
ENSP00000367615	16	14	16	12	19	12	14	28	4
ENSP00000352044	16	12	28	6	6	31	18	6	21
ENSP00000322419	16	12	19	16	18	24	26	18	24
ENSP00000330737	16	11	14	11	7	16	18	13	16
ENSP00000217456	16	11	18	10	6	20	15	14	17
ENSP00000376067	16	10	15	12	14	17	11	14	9
ENSP00000308540	16	10	18	6	3	17	18	5	14
ENSP00000393379	16	10	14	18	6	18	15	5	15
ENSP00000286452	16	10	14	17	6	19	15	5	15
ENSP00000369038	16	10	12	10	6	8	15	7	16
ENSP00000384735	16	9	26	12	17	27	25	18	15
ENSP00000319361	16	9	22	18	20	24	18	30	23
ENSP00000254950	16	8	9	10	7	5	9	6	7
ENSP00000263238	16	8	25	14	5	25	17	11	14
ENSP00000228140	16	7	22	6	6	16	11	7	21
ENSP00000379051	16	6	10	11	8	15	14	5	9
ENSP00000267484	16	6	21	7	5	27	6	6	14
ENSP00000329715	16	6	15	6	2	11	9	4	15
ENSP00000270625	16	5	19	4	10	18	14	6	13
ENSP00000414639	15	25	9	33	25	9	25	31	19
ENSP00000223129	15	21	13	20	27	14	28	30	17
ENSP00000318297	15	21	7	19	16	13	23	11	17
ENSP00000262544	15	20	12	22	14	12	12	9	10
ENSP00000358992	15	20	14	17	17	9	10	14	11
ENSP00000316029	15	20	17	27	22	18	24	22	16
ENSP00000388824	15	20	9	25	16	12	21	6	29
ENSP00000362041	15	19	9	17	10	9	19	14	9
ENSP00000299427	15	17	16	30	17	11	33	52	15
ENSP00000260641	15	17	23	10	13	19	12	14	18
ENSP00000265385	15	16	11	14	12	7	29	19	16
ENSP00000348442	15	15	12	12	11	24	10	11	10
ENSP00000269141	15	15	16	7	6	11	9	5	12
ENSP00000326699	15	14	18	12	14	14	13	18	10
ENSP00000377404	15	14	15	4	7	23	11	4	13
ENSP00000286548	15	14	14	15	12	16	18	18	13
ENSP00000334724	15	14	15	16	18	11	23	15	14
ENSP00000359025	15	14	12	19	12	19	19	15	17
ENSP00000334008	15	14	13	12	16	12	11	22	17
ENSP00000211372	15	14	13	11	10	13	17	10	19
ENSP00000392404	15	12	14	12	14	13	11	15	11
ENSP00000340210	15	12	8	7	16	6	19	13	15
ENSP00000346103	15	11	16	19	14	14	15	18	14
ENSP00000370750	15	10	18	12	10	21	26	19	6
ENSP00000277900	15	9	16	10	5	15	8	5	10
ENSP00000244020	15	7	7	12	23	8	24	11	12
ENSP00000362256	15	5	8	10	6	7	17	5	6
ENSP00000422473	15	5	13	5	5	10	6	7	11
ENSP00000357621	15	5	14	5	10	10	12	7	14
ENSP00000253811	15	3	11	10	8	4	12	4	6
ENSP00000274562	15	3	31	12	6	32	14	6	33
ENSP00000339035	15	38	22	42	63	25	31	46	33
ENSP00000215567	15	29	18	18	25	13	16	32	23
ENSP00000300933	15	28	16	32	50	19	22	33	27
ENSP00000354219	15	26	16	30	46	18	21	33	25
ENSP00000271850	15	26	16	30	46	18	23	35	26
ENSP00000253815	15	25	24	20	16	16	16	17	9
ENSP00000423281	15	25	12	18	25	21	17	20	20
ENSP00000330516	15	24	11	28	17	16	19	15	21
ENSP00000319169	15	23	12	14	16	16	15	13	14
ENSP00000362873	15	21	9	17	17	7	22	17	18
ENSP00000279247	15	19	25	5	14	30	15	18	9
ENSP00000232447	15	19	15	18	33	15	28	33	18
ENSP00000346265	15	19	12	15	18	18	21	14	19
ENSP00000353375	15	19	35	28	11	55	21	6	51
ENSP00000331817	15	18	14	12	14	12	16	9	14
ENSP00000331897	15	18	17	20	23	15	18	24	17
ENSP00000382840	15	17	20	26	22	23	29	28	31
ENSP00000355292	15	17	23	25	17	24	30	19	35
ENSP00000305355	15	16	13	12	5	10	10	1	8
ENSP00000354791	15	16	20	17	10	16	15	13	27
ENSP00000362584	15	15	16	14	20	13	15	14	9
ENSP00000336712	15	15	13	12	17	14	10	18	12
ENSP00000407872	15	14	12	10	5	18	13	13	11
ENSP00000259253	15	14	12	10	11	18	17	18	17
ENSP00000359225	15	12	19	4	7	6	13	6	13
ENSP00000265523	15	10	12	8	17	15	11	14	10
ENSP00000357218	15	10	17	3	8	10	11	4	11
ENSP00000256854	15	10	22	11	7	23	19	10	24
ENSP00000217515	15	9	12	8	13	12	15	13	14
ENSP00000311876	15	9	20	7	13	24	15	6	15
ENSP00000318883	15	9	21	14	6	18	21	9	35
ENSP00000265014	15	8	12	8	1	17	6	2	6
ENSP00000302886	15	8	11	4	12	8	14	7	17
ENSP00000257901	15	7	8	11	10	4	6	15	5
ENSP00000312206	15	7	7	11	11	4	9	18	7
ENSP00000306887	15	7	8	5	7	11	13	9	8
ENSP00000320580	15	7	13	16	14	16	15	11	16
ENSP00000284061	15	5	15	8	6	19	15	10	16
ENSP00000322100	15	2	1	1	3	4	7	2	2
ENSP00000236959	14	19	11	11	17	11	11	14	13
ENSP00000262942	14	18	16	11	14	23	10	11	13
ENSP00000247970	14	16	12	33	40	7	16	23	25
ENSP00000299259	14	15	12	7	10	10	10	10	11
ENSP00000233627	14	15	14	17	17	18	21	13	15
ENSP00000337669	14	15	17	11	13	18	8	17	24
ENSP00000264331	14	14	15	11	7	16	10	1	5
ENSP00000262303	14	14	10	10	13	7	22	7	7
ENSP00000263646	14	14	9	13	11	7	15	11	10
ENSP00000367727	14	14	12	13	10	19	11	9	15
ENSP00000324549	14	12	16	7	8	15	11	14	10
ENSP00000266079	14	12	15	14	10	16	12	10	15
ENSP00000369042	14	11	17	16	11	18	24	11	18
ENSP00000292205	14	10	15	12	5	12	8	5	15
ENSP00000380377	14	10	11	14	7	11	8	18	15
ENSP00000216190	14	10	15	5	6	12	6	5	16
ENSP00000364721	14	10	13	7	14	14	15	6	17
ENSP00000256593	14	9	12	5	5	7	8	6	8
ENSP00000246024	14	9	15	7	11	13	9	9	11
ENSP00000282397	14	9	6	4	14	9	15	11	11
ENSP00000325905	14	9	12	19	19	18	19	23	13
ENSP00000370115	14	8	16	2	5	21	7	5	13
ENSP00000297071	14	7	7	10	5	8	13	2	9
ENSP00000173527	14	7	20	10	6	27	13	14	17
ENSP00000216554	14	6	12	8	2	8	9	4	8
ENSP00000253003	14	5	10	5	7	14	13	6	9
ENSP00000302005	14	4	23	5	5	45	15	5	14
ENSP00000360502	14	3	11	4	1	22	7	1	11
ENSP00000337829	14	2	5	4	10	4	9	4	3
ENSP00000284240	14	1	11	11	3	4	10	1	14
ENSP00000348170	13	26	21	4	17	4	147	203	44
ENSP00000408283	13	25	14	15	19	5	23	11	8
ENSP00000271690	13	25	14	29	27	7	16	15	18
ENSP00000364635	13	24	12	18	16	21	14	10	11
ENSP00000365946	13	22	5	25	48	12	22	24	12
ENSP00000248572	13	21	10	11	11	4	15	13	8
ENSP00000360939	13	18	9	15	20	15	19	27	16
ENSP00000009589	13	17	15	18	20	15	17	14	12
ENSP00000346634	13	17	24	20	7	18	16	10	19
ENSP00000307959	13	15	18	15	8	28	15	7	13
ENSP00000333547	13	15	19	18	23	13	17	23	15
ENSP00000255448	13	12	15	7	5	13	7	6	5
ENSP00000216879	13	12	12	10	14	6	11	7	11
ENSP00000261023	13	12	26	18	5	14	24	19	14
ENSP00000410460	13	12	17	18	23	14	16	24	15
ENSP00000394466	13	12	18	15	18	18	20	5	21
ENSP00000300249	13	11	14	18	7	13	14	9	12
ENSP00000350708	13	11	19	6	10	11	10	1	14
ENSP00000361495	13	11	18	7	18	6	12	18	15
ENSP00000311747	13	10	15	10	13	12	14	9	11
ENSP00000309142	13	10	11	15	16	10	17	13	17
ENSP00000293970	13	9	10	4	7	12	6	2	6
ENSP00000362335	13	9	16	5	6	18	8	11	8
ENSP00000355325	13	9	13	10	7	11	10	7	9
ENSP00000308495	13	9	14	18	14	9	16	9	13
ENSP00000367934	13	9	14	14	17	13	17	15	16
ENSP00000261937	13	8	7	3	14	9	15	10	10
ENSP00000261799	13	8	6	3	14	9	15	11	10
ENSP00000263367	13	7	8	15	5	10	8	6	9
ENSP00000356652	13	7	18	10	10	15	16	9	12
ENSP00000258341	13	6	12	5	2	9	14	1	11
ENSP00000362900	13	6	8	12	19	8	24	10	12
ENSP00000425450	13	5	12	6	5	10	6	2	9
ENSP00000357206	13	3	4	8	3	2	9	7	2
ENSP00000327594	13	3	15	3	1	11	10	1	7
ENSP00000353114	13	2	7	32	3	3	14	9	2
ENSP00000215882	13	1	17	1	1	7	6	2	13
ENSP00000310935	12	22	12	11	11	14	13	9	14
ENSP00000253363	12	22	17	26	17	18	27	35	20
ENSP00000303145	12	20	8	13	19	12	17	19	11
ENSP00000321971	12	19	13	21	19	12	21	19	18
ENSP00000354850	12	18	16	7	10	12	9	6	18
ENSP00000282412	12	16	12	13	14	17	18	14	8
ENSP00000356982	12	16	12	8	13	10	14	10	9
ENSP00000357075	12	15	13	18	13	15	15	13	11
ENSP00000248996	12	15	9	11	8	18	17	15	12
ENSP00000291568	12	14	14	19	27	10	24	26	9
ENSP00000054950	12	14	19	11	16	15	15	15	10
ENSP00000338703	12	14	16	11	16	14	15	9	12
ENSP00000277315	12	14	26	12	7	12	12	13	14
ENSP00000354511	12	12	16	17	18	12	13	15	11
ENSP00000314649	12	12	9	13	16	12	14	23	12
ENSP00000240851	12	12	17	13	14	12	12	13	17
ENSP00000367498	12	12	14	21	23	15	15	20	23
ENSP00000198765	12	11	12	8	23	9	15	33	6
ENSP00000363018	12	11	24	16	12	19	17	11	20
ENSP00000309555	12	10	9	6	6	9	14	4	12
ENSP00000362566	12	10	14	5	7	11	9	6	12
ENSP00000307863	12	10	6	13	18	6	10	13	12
ENSP00000415973	12	10	9	11	3	17	9	2	14
ENSP00000262832	12	10	15	11	6	20	8	9	15
ENSP00000262027	12	10	27	10	5	25	15	4	24
ENSP00000233616	12	9	8	10	5	9	9	5	8
ENSP00000310749	12	9	15	5	7	11	10	9	12
ENSP00000401726	12	8	13	17	16	12	17	11	11
ENSP00000346492	12	8	10	8	11	18	13	10	12
ENSP00000261160	12	7	6	4	10	11	8	10	9
ENSP00000287766	12	7	15	7	6	14	14	6	10
ENSP00000243964	12	7	13	14	6	21	12	9	13
ENSP00000236900	12	7	24	5	8	26	7	5	14
ENSP00000303351	12	6	9	8	8	9	8	5	6
ENSP00000418994	12	6	10	10	5	12	10	6	8
ENSP00000419782	12	6	5	4	7	6	13	5	12
ENSP00000353881	12	6	13	16	13	14	15	11	15
ENSP00000246548	12	6	8	6	7	14	8	6	16
ENSP00000358727	12	5	11	2	3	7	7	4	6
ENSP00000309417	12	5	6	8	14	4	8	6	7
ENSP00000310585	12	4	6	5	7	3	14	7	2
ENSP00000327821	12	3	10	3	2	17	3	1	2
ENSP00000273986	12	3	7	2	1	12	4	1	3
ENSP00000316638	12	3	19	2	2	8	8	1	19
ENSP00000286091	11	24	15	10	5	16	6	9	14
ENSP00000239940	11	23	14	15	19	5	23	13	9
ENSP00000362532	11	22	14	12	10	10	16	14	15
ENSP00000358640	11	18	39	35	20	42	33	45	30
ENSP00000310572	11	17	12	12	17	11	10	22	10
ENSP00000262982	11	16	15	21	19	25	16	14	9
ENSP00000303476	11	15	5	11	8	5	9	10	11
ENSP00000224949	11	15	15	16	20	12	22	33	15
ENSP00000157812	11	14	11	13	17	9	15	19	9
ENSP00000329161	11	14	13	15	12	11	8	10	11
ENSP00000421566	11	14	13	14	8	15	15	11	18
ENSP00000202773	11	12	19	11	7	5	24	5	6
ENSP00000351316	11	12	11	11	12	11	7	11	11
ENSP00000303356	11	11	11	8	8	12	10	23	5
ENSP00000346483	11	11	8	10	6	9	11	6	6
ENSP00000358141	11	11	9	11	8	8	11	6	9
ENSP00000299166	11	11	11	12	6	9	9	11	13
ENSP00000366525	11	11	15	16	33	9	14	37	15
ENSP00000307567	11	10	26	11	5	29	15	17	21
ENSP00000218364	11	9	7	7	6	3	11	11	9
ENSP00000262033	11	9	10	7	8	11	7	5	10
ENSP00000220325	11	9	11	11	14	12	9	6	11
ENSP00000311028	11	9	6	10	8	7	6	2	14
ENSP00000240304	11	9	11	6	3	11	10	4	16
ENSP00000364289	11	8	5	5	5	10	6	4	5
ENSP00000355398	11	8	12	11	11	10	7	5	9
ENSP00000327522	11	8	10	11	3	15	9	2	11
ENSP00000217244	11	8	13	10	16	17	15	14	14
ENSP00000407516	11	7	10	11	11	9	13	11	7
ENSP00000264414	11	7	14	11	7	13	10	1	13
ENSP00000322542	11	7	15	13	7	21	16	5	13
ENSP00000290597	11	7	14	11	7	13	12	9	15
ENSP00000265304	11	7	2	7	14	8	16	15	16
ENSP00000376472	11	6	15	2	1	16	8	5	16
ENSP00000261601	11	5	3	5	3	11	8	4	8
ENSP00000219789	11	4	9	5	6	16	12	5	8
ENSP00000262623	11	4	7	7	13	7	7	5	10
ENSP00000299138	11	3	16	6	2	15	10	6	15
ENSP00000338712	11	2	15	6	6	9	12	2	3
ENSP00000318318	10	20	5	13	16	9	8	5	8
ENSP00000362110	10	17	7	12	14	7	11	11	9
ENSP00000219169	10	17	12	10	14	5	14	11	9
ENSP00000342333	10	16	12	3	11	8	8	4	8
ENSP00000336725	10	16	14	16	13	10	15	20	16
ENSP00000348562	10	16	16	19	16	25	18	9	23
ENSP00000252172	10	14	12	13	10	10	12	7	13
ENSP00000327409	10	12	13	8	14	6	10	13	8
ENSP00000322016	10	12	12	12	17	10	17	14	14
ENSP00000263270	10	11	14	7	5	18	10	2	14
ENSP00000342913	10	10	10	15	17	2	14	17	8
ENSP00000221130	10	10	20	10	12	18	9	10	20
ENSP00000356602	10	9	6	10	12	9	9	5	7
ENSP00000290921	10	9	9	6	8	11	12	10	7
ENSP00000264933	10	9	17	5	2	10	9	9	9
ENSP00000267064	10	9	10	6	6	11	6	5	12
ENSP00000176643	10	9	23	4	10	30	6	13	17
ENSP00000264381	10	8	6	2	3	16	3	1	2
ENSP00000327145	10	8	9	5	3	4	8	2	3
ENSP00000263276	10	8	12	5	7	8	7	9	7
ENSP00000261598	10	7	10	6	1	15	11	2	7
ENSP00000372112	10	7	5	7	8	8	9	5	8
ENSP00000317331	10	7	12	7	7	12	11	9	10
ENSP00000365625	10	7	13	8	1	11	12	9	11
ENSP00000345341	10	7	11	12	6	12	14	11	13
ENSP00000336829	10	7	5	6	17	9	33	40	16
ENSP00000333001	10	6	9	6	12	7	16	10	15
ENSP00000421267	10	4	4	3	6	10	10	4	5
ENSP00000324740	10	4	4	3	6	6	7	5	5
ENSP00000350012	10	4	18	4	3	18	12	4	14
ENSP00000249923	10	3	12	4	3	17	7	4	10
ENSP00000262803	10	1	13	1	1	9	4	1	4
ENSP00000361087	10	1	7	12	3	9	7	2	9
ENSP00000312099	9	22	6	1	1	1	9	71	7
ENSP00000216951	9	21	15	15	25	18	19	17	10
ENSP00000221566	9	20	11	18	22	7	13	9	9
ENSP00000014112	9	19	5	18	16	7	16	13	9
ENSP00000354739	9	17	17	10	18	21	15	11	21
ENSP00000287022	9	16	6	17	8	3	16	11	7
ENSP00000295006	9	14	12	8	8	9	7	7	7
ENSP00000318012	9	14	12	11	13	14	11	13	10
ENSP00000261210	9	11	12	8	16	11	9	14	7
ENSP00000216442	9	11	9	7	10	10	13	7	12
ENSP00000300150	9	11	12	15	7	6	16	10	14
ENSP00000365566	9	10	7	8	11	9	15	17	10
ENSP00000306477	9	10	11	8	16	12	12	13	11
ENSP00000262455	9	10	6	4	7	4	10	9	12
ENSP00000284776	9	9	3	3	5	8	4	6	4
ENSP00000339051	9	9	10	10	7	14	10	10	5
ENSP00000257468	9	9	5	10	7	3	11	4	6
ENSP00000243077	9	9	23	12	11	18	18	10	15
ENSP00000338461	9	8	8	8	14	2	12	13	3
ENSP00000264187	9	8	9	7	5	5	14	4	5
ENSP00000211998	9	8	11	7	12	7	10	10	6
ENSP00000264028	9	8	10	6	3	15	8	5	12
ENSP00000237530	9	7	12	4	5	9	5	4	5
ENSP00000302873	9	7	8	7	5	11	8	4	7
ENSP00000202028	9	7	12	10	10	20	15	5	13
ENSP00000236957	9	7	16	12	17	10	12	17	17
ENSP00000307508	9	6	7	8	7	4	15	10	3
ENSP00000254193	9	6	8	4	2	13	6	1	6
ENSP00000311740	9	6	10	13	6	17	12	7	8
ENSP00000295770	9	6	16	2	1	20	7	2	12
ENSP00000207437	9	5	6	3	12	4	6	1	1
ENSP00000215793	9	5	9	7	2	8	6	5	2
ENSP00000424707	9	5	12	3	1	12	8	1	6
ENSP00000399970	9	5	12	6	5	12	9	10	6
ENSP00000254719	9	5	12	3	2	15	4	5	8
ENSP00000261861	9	5	8	8	5	9	12	7	8
ENSP00000325919	9	4	7	4	1	9	6	2	5
ENSP00000354170	9	4	1	2	6	4	8	4	5
ENSP00000252934	9	4	11	1	1	11	2	1	6
ENSP00000025399	9	4	12	7	8	7	15	17	6
ENSP00000283131	9	4	10	3	2	11	6	2	7
ENSP00000333811	9	4	10	1	11	6	8	1	10
ENSP00000246789	9	4	14	4	2	18	7	4	10
ENSP00000336888	9	3	12	1	3	10	6	1	5
ENSP00000215071	9	3	9	2	5	10	6	5	5
ENSP00000377892	9	3	5	10	20	4	15	6	8
ENSP00000359871	9	3	11	11	11	6	13	9	13
ENSP00000009180	9	3	22	27	10	39	30	15	35
ENSP00000371594	9	2	4	2	7	3	2	1	1
ENSP00000261636	9	2	12	1	1	13	2	1	5
ENSP00000307134	9	2	11	3	3	14	7	2	5
ENSP00000296674	9	2	16	2	2	19	6	1	19
ENSP00000246662	9	1	8	2	2	7	6	4	7
ENSP00000295156	9	1	10	5	1	11	5	1	10
ENSP00000363216	9	1	11	4	1	15	6	2	11
ENSP00000427168	9	25	14	21	16	16	22	10	22
ENSP00000355467	9	22	7	18	30	18	19	31	15
ENSP00000224167	9	21	11	15	162	3	15	124	7
ENSP00000313432	9	19	26	11	20	15	16	19	17
ENSP00000296456	9	16	13	10	5	10	10	4	8
ENSP00000349679	9	14	6	14	17	9	20	9	6
ENSP00000367263	9	14	7	13	16	4	12	24	7
ENSP00000302936	9	14	9	14	16	9	22	9	8
ENSP00000368129	9	14	11	11	11	11	25	17	12
ENSP00000296412	9	12	8	10	12	4	6	6	5
ENSP00000364934	9	11	12	6	5	5	4	2	5
ENSP00000264128	9	11	5	10	10	4	14	9	8
ENSP00000323421	9	11	6	10	6	7	12	7	9
ENSP00000265073	9	11	10	8	16	12	7	11	11
ENSP00000349321	9	11	9	12	17	8	9	17	11
ENSP00000310440	9	10	9	11	10	6	8	2	7
ENSP00000370074	9	10	12	6	8	9	8	14	7
ENSP00000418823	9	10	9	5	7	11	13	11	9
ENSP00000292123	9	10	13	4	2	6	7	2	14
ENSP00000258168	9	9	9	8	8	6	9	2	6
ENSP00000306382	9	9	11	11	8	14	9	10	8
ENSP00000311113	9	9	6	4	5	10	10	6	10
ENSP00000233609	9	8	6	6	10	10	12	7	6
ENSP00000321070	9	8	9	15	16	9	14	9	6
ENSP00000307786	9	8	12	10	11	11	17	15	6
ENSP00000246533	9	8	6	14	11	5	8	4	8
ENSP00000319664	9	8	5	8	8	11	11	11	8
ENSP00000341730	9	8	10	8	10	12	9	7	13
ENSP00000402630	9	7	4	13	12	1	7	11	6
ENSP00000220931	9	7	11	5	8	7	8	6	9
ENSP00000339095	9	7	12	11	12	11	6	7	12
ENSP00000295266	9	7	17	14	13	17	14	13	15
ENSP00000265734	9	6	3	3	7	4	8	4	6
ENSP00000310227	9	6	12	8	5	17	10	6	9
ENSP00000397872	9	6	5	7	13	12	9	7	11
ENSP00000265100	9	6	20	3	6	19	15	7	12
ENSP00000230731	9	6	16	4	3	17	8	6	17
ENSP00000290776	9	5	6	5	3	4	5	5	2
ENSP00000216775	9	5	8	5	3	8	6	5	3
ENSP00000308430	9	5	3	10	13	1	10	18	3
ENSP00000251810	9	5	10	3	1	6	8	5	5
ENSP00000417225	9	5	7	5	3	4	6	5	6
ENSP00000310933	9	5	4	6	5	2	12	9	7
ENSP00000362010	9	5	16	13	6	11	6	11	7
ENSP00000380795	9	5	5	2	1	8	6	1	8
ENSP00000348886	9	5	9	8	7	13	15	6	8
ENSP00000259607	9	5	15	8	7	21	9	10	9
ENSP00000264907	9	5	10	11	13	4	6	11	9
ENSP00000270225	9	5	7	16	17	12	11	22	14
ENSP00000378699	9	4	2	2	6	3	7	4	5
ENSP00000181839	9	4	2	2	6	4	7	4	5
ENSP00000290810	9	4	10	4	2	12	4	1	7
ENSP00000354687	9	4	11	4	3	17	11	4	9
ENSP00000307093	9	4	8	5	2	14	6	1	21
ENSP00000282606	9	3	7	2	3	9	3	4	4
ENSP00000222330	9	3	5	6	3	6	6	2	5
ENSP00000290541	9	3	7	4	2	8	4	5	5
ENSP00000360532	9	3	7	5	5	7	5	2	6
ENSP00000303147	9	2	9	10	2	8	6	1	7
ENSP00000265431	9	1	4	3	2	4	14	6	2
ENSP00000205061	9	1	10	3	1	12	5	1	14
ENSP00000252520	8	33	3	21	61	2	15	44	1
ENSP00000238875	8	15	8	12	11	7	15	9	7
ENSP00000301653	8	14	11	6	8	23	6	1	17
ENSP00000308452	8	12	11	6	5	23	6	1	17
ENSP00000372901	8	12	18	19	16	12	13	13	21
ENSP00000354813	8	11	9	1	3	8	8	2	6
ENSP00000411504	8	11	12	19	13	10	15	22	17
ENSP00000245552	8	10	10	11	12	8	11	9	5
ENSP00000373243	8	10	24	22	10	43	13	5	26
ENSP00000305790	8	9	22	11	5	16	9	4	11
ENSP00000304229	8	8	6	11	11	7	10	11	8
ENSP00000012443	8	8	8	7	7	9	6	5	9
ENSP00000320204	8	7	7	2	1	5	4	4	1
ENSP00000075120	8	7	6	6	1	6	9	4	6
ENSP00000228284	8	7	7	14	7	11	7	9	6
ENSP00000345195	8	7	8	10	10	4	9	4	7
ENSP00000305480	8	7	7	5	5	7	7	2	8
ENSP00000370748	8	7	12	11	1	10	14	7	9
ENSP00000352706	8	7	9	6	7	6	6	9	9
ENSP00000216605	8	6	7	4	6	9	7	2	5
ENSP00000268607	8	6	7	11	8	8	11	5	7
ENSP00000255263	8	6	7	6	6	5	6	5	8
ENSP00000226218	8	6	7	17	18	3	24	53	9
ENSP00000363002	8	6	11	10	5	13	9	9	12
ENSP00000323391	8	5	6	5	5	4	5	5	2
ENSP00000266971	8	5	2	3	1	3	3	2	3
ENSP00000360184	8	5	8	4	5	10	4	2	5
ENSP00000263043	8	5	1	2	6	3	7	4	5
ENSP00000031135	8	5	7	6	5	4	7	4	6
ENSP00000356218	8	5	5	6	6	8	7	6	6
ENSP00000316385	8	5	9	3	3	9	5	2	7
ENSP00000373808	8	5	10	8	7	11	6	10	7
ENSP00000262570	8	5	7	6	13	7	5	7	11
ENSP00000369127	8	4	4	3	2	2	5	2	4
ENSP00000368188	8	4	4	3	3	5	6	1	5
ENSP00000243067	8	4	1	2	6	4	7	4	5
ENSP00000257904	8	4	1	2	6	3	9	4	5
ENSP00000400088	8	4	1	2	6	3	7	5	5
ENSP00000362361	8	4	1	2	6	3	7	4	6
ENSP00000290401	8	4	8	4	2	8	7	2	7
ENSP00000262506	8	4	4	7	6	6	6	4	7
ENSP00000262835	8	4	13	4	1	12	7	1	9
ENSP00000273368	8	4	7	14	7	4	11	5	9
ENSP00000217901	8	4	9	5	12	16	8	20	9
ENSP00000340041	8	4	11	8	5	10	12	4	10
ENSP00000290332	8	4	15	4	1	10	23	9	11
ENSP00000343442	8	4	11	7	6	11	11	6	12
ENSP00000362719	8	3	1	3	1	3	5	6	1
ENSP00000343701	8	3	1	3	1	3	6	7	1
ENSP00000360541	8	3	3	3	1	3	7	5	2
ENSP00000307833	8	3	4	1	3	11	5	2	4
ENSP00000221485	8	3	14	4	1	6	12	1	5
ENSP00000263441	8	3	7	7	6	4	13	6	13
ENSP00000298838	8	2	13	1	2	9	2	1	3
ENSP00000363787	8	1	1	1	6	3	4	5	1
ENSP00000265753	8	1	5	1	2	1	5	2	2
ENSP00000309198	8	1	7	3	1	7	4	2	4
ENSP00000314491	8	1	5	4	5	6	2	6	4
ENSP00000303366	8	1	10	1	2	8	6	4	5
ENSP00000282541	8	1	13	5	3	18	2	4	6
ENSP00000316357	8	1	7	1	1	11	4	1	7
ENSP00000222553	8	1	8	3	3	9	4	2	10
ENSP00000244204	7	21	16	20	8	14	9	10	12
ENSP00000346015	7	21	26	26	27	24	16	22	25
ENSP00000374332	7	16	7	8	14	6	10	18	4
ENSP00000356348	7	16	5	11	12	4	15	9	6
ENSP00000284971	7	11	4	14	11	9	13	22	5
ENSP00000261303	7	11	15	6	13	13	9	11	13
ENSP00000330787	7	10	8	10	10	6	6	11	8
ENSP00000366124	7	10	7	19	69	8	20	75	16
ENSP00000265729	7	9	4	4	8	4	6	6	1
ENSP00000321584	7	9	7	13	6	3	9	2	4
ENSP00000257552	7	9	2	5	12	4	6	11	4
ENSP00000249289	7	9	8	7	13	6	7	13	5
ENSP00000350820	7	9	9	10	1	4	6	1	7
ENSP00000365757	7	9	8	11	8	9	13	5	7
ENSP00000332604	7	9	15	8	7	13	7	7	14
ENSP00000353785	7	8	4	1	5	6	5	1	1
ENSP00000363916	7	8	3	11	8	1	6	7	2
ENSP00000367309	7	8	4	3	6	4	6	10	3
ENSP00000263431	7	8	10	5	3	5	3	1	5
ENSP00000235532	7	8	8	6	5	8	8	2	9
ENSP00000360473	7	8	11	18	10	10	8	5	9
ENSP00000399771	7	8	12	6	7	11	10	7	9
ENSP00000226328	7	8	12	6	6	11	11	6	11
ENSP00000303412	7	8	12	7	10	13	9	14	13
ENSP00000386275	7	7	6	7	12	6	6	5	4
ENSP00000355963	7	7	6	10	6	9	15	5	5
ENSP00000273075	7	7	6	6	2	11	11	7	5
ENSP00000228825	7	7	4	11	6	6	9	10	5
ENSP00000262415	7	7	9	7	1	7	10	7	9
ENSP00000215565	7	7	8	10	10	7	11	7	10
ENSP00000245121	7	7	12	11	7	11	7	9	16
ENSP00000254854	7	6	6	2	3	4	4	2	2
ENSP00000249299	7	6	6	5	6	3	6	4	4
ENSP00000223608	7	6	13	4	8	6	2	2	6
ENSP00000270586	7	6	5	11	10	4	10	5	6
ENSP00000345739	7	6	7	2	2	6	6	2	8
ENSP00000258761	7	6	7	10	11	9	10	10	8
ENSP00000278412	7	6	9	6	3	8	7	2	9
ENSP00000304668	7	6	5	5	2	5	6	5	9
ENSP00000362334	7	6	18	12	7	10	12	6	9
ENSP00000336831	7	6	8	2	8	8	11	7	9
ENSP00000279259	7	6	7	10	13	8	10	13	9
ENSP00000302194	7	6	6	14	16	6	6	9	13
ENSP00000356480	7	5	1	2	10	3	7	5	1
ENSP00000378161	7	5	5	7	5	6	7	10	2
ENSP00000279263	7	5	11	1	1	15	2	2	3
ENSP00000245615	7	5	6	2	1	6	7	6	3
ENSP00000360782	7	5	5	8	11	4	8	15	3
ENSP00000340391	7	5	7	5	3	3	6	6	4
ENSP00000253023	7	5	1	7	13	4	11	14	4
ENSP00000306817	7	5	6	6	5	6	7	1	5
ENSP00000356263	7	5	5	4	1	9	4	2	5
ENSP00000229251	7	5	12	5	6	9	10	4	5
ENSP00000215904	7	5	7	8	5	7	9	5	5
ENSP00000265175	7	5	7	4	2	11	6	2	7
ENSP00000340211	7	5	8	11	10	3	7	5	7
ENSP00000354074	7	5	11	11	5	24	11	5	7
ENSP00000340454	7	5	11	16	19	17	12	27	13
ENSP00000369081	7	5	12	4	2	10	21	2	17
ENSP00000252486	7	5	8	11	100	16	19	107	17
ENSP00000078429	7	4	7	10	5	8	9	6	3
ENSP00000321845	7	4	6	1	2	7	6	4	4
ENSP00000362300	7	4	5	8	8	4	10	4	8
ENSP00000348762	7	4	14	7	3	8	6	2	10
ENSP00000351320	7	3	3	2	5	4	2	2	1
ENSP00000310040	7	3	4	4	5	3	9	6	5
ENSP00000330918	7	3	7	4	6	6	7	1	6
ENSP00000321749	7	3	6	4	2	8	4	1	7
ENSP00000240139	7	3	9	3	3	8	11	7	7
ENSP00000325690	7	3	13	6	3	9	6	1	8
ENSP00000373713	7	2	3	2	1	3	2	1	2
ENSP00000243563	7	2	5	1	3	9	3	1	2
ENSP00000320291	7	2	7	1	2	10	3	1	2
ENSP00000249700	7	2	5	2	2	9	8	2	5
ENSP00000342434	7	2	6	2	1	4	4	4	5
ENSP00000296424	7	1	4	1	3	1	3	5	1
ENSP00000301597	7	1	4	1	1	2	3	5	1
ENSP00000306864	7	1	9	1	1	5	6	5	2
ENSP00000221855	7	1	3	3	6	4	7	6	3
ENSP00000402511	7	1	4	2	5	4	3	2	4
ENSP00000317597	7	1	11	5	6	28	8	1	17
ENSP00000225655	6	24	3	21	38	11	15	24	5
ENSP00000215939	6	17	7	1	1	1	11	79	6
ENSP00000368219	6	16	8	14	18	4	10	30	6
ENSP00000354251	6	16	12	4	5	6	9	7	9
ENSP00000368390	6	15	8	3	7	5	3	6	7
ENSP00000330469	6	12	6	4	8	9	10	7	7
ENSP00000326817	6	12	10	5	12	10	12	14	7
ENSP00000349078	6	11	13	6	8	4	6	2	11
ENSP00000349140	6	10	4	3	11	7	11	5	6
ENSP00000301387	6	9	7	10	2	10	5	4	7
ENSP00000409731	6	9	18	22	8	22	9	5	23
ENSP00000185206	6	8	4	7	14	5	9	1	3
ENSP00000333551	6	8	5	7	5	7	7	4	4
ENSP00000271064	6	8	7	3	1	7	11	1	8
ENSP00000326858	6	8	3	14	13	8	15	11	8
ENSP00000229204	6	8	5	11	10	9	9	9	11
ENSP00000299351	6	7	4	2	1	5	2	2	4
ENSP00000215095	6	7	7	10	3	5	6	10	7
ENSP00000256858	6	7	7	5	3	10	12	1	9
ENSP00000267103	6	6	3	7	7	6	9	5	1
ENSP00000399690	6	6	5	7	3	5	3	6	2
ENSP00000226796	6	6	7	4	2	7	6	6	4
ENSP00000289290	6	6	8	2	3	8	9	4	5
ENSP00000347507	6	6	6	5	7	4	6	5	7
ENSP00000170629	6	6	6	6	13	9	13	7	9
ENSP00000304102	6	6	12	5	3	9	6	2	10
ENSP00000230085	6	5	1	5	7	4	6	6	1
ENSP00000340836	6	5	6	3	2	4	7	1	2
ENSP00000058691	6	5	4	4	7	3	6	4	3
ENSP00000325269	6	5	5	4	3	8	3	2	4
ENSP00000350699	6	5	3	7	5	4	7	4	5
ENSP00000210313	6	5	8	3	1	8	6	5	6
ENSP00000246151	6	5	8	5	7	8	5	7	7
ENSP00000254322	6	5	8	4	5	4	6	5	8
ENSP00000312618	6	5	8	4	7	7	11	11	12
ENSP00000311115	6	5	7	3	3	10	8	1	13
ENSP00000205890	6	4	1	2	1	2	3	2	1
ENSP00000232003	6	4	5	3	5	2	4	7	1
ENSP00000246868	6	4	4	2	1	6	1	1	3
ENSP00000356257	6	4	2	3	3	4	3	4	3
ENSP00000359297	6	4	11	4	3	7	6	4	3
ENSP00000410272	6	4	10	6	3	15	6	2	5
ENSP00000378154	6	4	7	5	3	6	6	1	6
ENSP00000354676	6	4	8	5	3	6	6	1	6
ENSP00000306099	6	4	3	5	12	7	16	18	7
ENSP00000344501	6	4	8	10	7	11	11	9	10
ENSP00000309830	6	4	9	5	6	16	6	5	11
ENSP00000362803	6	3	3	3	7	7	4	1	3
ENSP00000291572	6	3	6	2	1	7	6	2	3
ENSP00000416534	6	3	8	2	2	3	4	1	4
ENSP00000338235	6	3	8	5	3	12	3	6	4
ENSP00000346340	6	3	5	2	6	3	9	1	5
ENSP00000234256	6	3	5	3	1	5	5	2	5
ENSP00000337632	6	3	5	11	11	6	6	2	6
ENSP00000220849	6	3	18	1	2	11	10	1	8
ENSP00000310491	6	3	6	2	5	8	5	5	8
ENSP00000246015	6	2	1	2	2	4	12	1	1
ENSP00000370741	6	2	6	4	3	5	6	2	2
ENSP00000359385	6	2	4	5	2	4	9	4	2
ENSP00000292510	6	2	1	6	7	1	4	1	3
ENSP00000368678	6	2	4	3	1	2	4	2	3
ENSP00000336756	6	2	7	3	2	7	3	2	4
ENSP00000352834	6	2	7	7	1	6	13	4	4
ENSP00000264312	6	2	3	2	5	5	10	5	4
ENSP00000373477	6	2	6	2	10	2	7	33	5
ENSP00000266263	6	2	12	3	1	11	7	4	8
ENSP00000348394	6	1	4	2	1	7	2	1	3
ENSP00000256496	6	1	6	1	1	17	4	1	3
ENSP00000320658	6	1	2	1	1	5	2	1	5
ENSP00000340281	6	1	10	1	2	6	1	1	6
ENSP00000258418	6	1	11	1	1	5	6	1	6
ENSP00000222247	6	1	8	1	1	11	3	1	9
ENSP00000346045	5	15	6	17	19	8	18	14	10
ENSP00000299736	5	12	12	6	7	11	12	9	11
ENSP00000221448	5	11	8	12	11	9	11	11	7
ENSP00000302486	5	11	10	12	14	8	14	7	10
ENSP00000318805	5	9	8	2	6	4	3	2	2
ENSP00000168216	5	9	9	8	10	5	7	5	3
ENSP00000347872	5	9	7	6	7	3	6	7	3
ENSP00000355955	5	9	7	4	5	6	6	6	4
ENSP00000300574	5	9	3	7	6	4	7	7	5
ENSP00000380336	5	9	5	6	8	4	7	10	5
ENSP00000356986	5	9	5	6	13	7	6	6	6
ENSP00000223864	5	9	3	7	10	6	8	11	6
ENSP00000291552	5	9	10	10	12	4	9	9	8
ENSP00000364321	5	9	11	38	69	35	30	109	17
ENSP00000364444	5	9	12	44	75	44	33	116	21
ENSP00000254976	5	8	3	19	10	1	6	5	3
ENSP00000263655	5	8	1	15	17	2	7	17	3
ENSP00000368438	5	8	4	4	6	10	6	4	4
ENSP00000327583	5	8	5	10	8	5	6	7	6
ENSP00000325136	5	7	1	6	5	3	7	6	2
ENSP00000380453	5	7	8	5	12	7	6	7	4
ENSP00000265709	5	7	7	7	7	4	4	1	5
ENSP00000348634	5	7	4	6	6	1	5	4	6
ENSP00000262948	5	7	6	7	12	4	14	10	8
ENSP00000369853	5	7	9	10	3	7	8	4	9
ENSP00000216520	5	7	6	10	12	8	10	10	9
ENSP00000309415	5	6	5	3	7	6	10	2	2
ENSP00000299421	5	6	1	6	8	5	4	9	2
ENSP00000264405	5	6	2	3	1	7	8	6	5
ENSP00000325941	5	6	6	5	7	5	6	1	7
ENSP00000278224	5	6	5	5	2	9	6	2	7
ENSP00000309558	5	6	5	5	2	5	7	1	8
ENSP00000341579	5	6	9	3	1	10	7	4	15
ENSP00000321537	5	5	6	5	5	4	4	1	3
ENSP00000216780	5	5	9	4	2	4	4	2	3
ENSP00000335341	5	5	2	5	1	2	3	4	4
ENSP00000357292	5	5	3	6	5	1	6	4	4
ENSP00000355493	5	5	6	3	1	5	3	1	5
ENSP00000353030	5	5	6	6	5	5	5	2	5
ENSP00000364119	5	5	6	5	6	9	5	4	5
ENSP00000312411	5	5	6	5	7	9	15	4	5
ENSP00000261401	5	5	5	6	1	4	5	2	7
ENSP00000307633	5	5	5	3	3	4	8	4	7
ENSP00000263645	5	5	8	4	2	10	3	4	10
ENSP00000377527	5	5	10	4	5	11	12	5	13
ENSP00000206451	5	4	4	1	2	5	4	2	2
ENSP00000261722	5	4	2	2	3	4	3	4	2
ENSP00000245907	5	4	7	35	100	57	41	141	2
ENSP00000254878	5	4	4	4	5	2	2	1	4
ENSP00000371514	5	4	3	3	2	4	3	2	4
ENSP00000264279	5	4	3	5	2	4	5	4	4
ENSP00000335323	5	4	11	3	2	7	6	5	5
ENSP00000354394	5	4	11	2	1	4	7	5	5
ENSP00000313026	5	4	8	4	5	5	6	4	6
ENSP00000354712	5	4	6	16	6	3	16	6	6
ENSP00000393393	5	4	9	7	7	5	6	5	7
ENSP00000397437	5	3	1	2	2	1	2	4	1
ENSP00000263246	5	3	6	6	1	4	1	2	2
ENSP00000354742	5	3	2	4	2	2	3	4	2
ENSP00000364330	5	3	4	3	5	4	6	9	2
ENSP00000319412	5	3	7	1	1	3	5	2	3
ENSP00000318176	5	3	6	3	5	6	6	6	3
ENSP00000312777	5	3	6	4	6	2	4	2	4
ENSP00000262215	5	3	1	1	1	4	3	4	4
ENSP00000282574	5	3	6	3	3	4	6	5	4
ENSP00000330937	5	3	7	6	2	8	6	2	5
ENSP00000238823	5	3	7	4	5	10	7	10	6
ENSP00000264211	5	3	9	1	2	11	3	1	8
ENSP00000357836	5	3	8	3	2	8	4	1	8
ENSP00000007516	5	3	6	2	2	6	5	2	8
ENSP00000364365	5	3	9	2	3	9	7	4	8
ENSP00000231487	5	3	8	3	2	6	6	1	9
ENSP00000296684	5	3	4	5	6	4	6	6	9
ENSP00000347055	5	3	9	12	10	11	8	5	10
ENSP00000312066	5	3	8	5	3	13	6	6	12
ENSP00000369757	5	3	10	4	7	11	6	5	14
ENSP00000306253	5	2	2	5	2	2	2	2	1
ENSP00000291439	5	2	4	2	2	5	2	4	1
ENSP00000307280	5	2	5	1	1	6	5	1	2
ENSP00000216129	5	2	3	4	6	4	2	4	3
ENSP00000305692	5	2	2	4	3	4	6	5	3
ENSP00000271877	5	2	3	3	1	4	2	1	5
ENSP00000301284	5	2	6	6	2	4	6	4	5
ENSP00000312981	5	2	6	3	1	7	3	2	6
ENSP00000233557	5	2	9	3	8	6	6	2	6
ENSP00000359000	5	2	6	2	2	6	5	1	7
ENSP00000308610	5	2	6	3	3	4	4	2	7
ENSP00000385181	5	2	5	3	1	15	7	2	7
ENSP00000258198	5	2	16	2	1	23	6	1	9
ENSP00000252543	5	2	12	4	11	11	7	6	10
ENSP00000256578	5	2	9	6	5	13	8	4	15
ENSP00000262542	5	1	3	3	3	4	1	2	1
ENSP00000252692	5	1	9	3	1	6	4	1	3
ENSP00000312042	5	1	3	4	1	3	5	2	4
ENSP00000278407	5	1	4	4	17	10	7	15	4
ENSP00000298316	5	1	9	3	1	17	6	1	5
ENSP00000392771	5	1	10	1	2	6	6	1	9
ENSP00000319393	5	1	5	3	3	5	5	6	9
ENSP00000345079	4	15	6	7	20	1	3	10	1
ENSP00000254301	4	12	5	1	3	1	8	11	1
ENSP00000252102	4	12	5	16	23	9	5	18	11
ENSP00000324122	4	10	3	7	14	7	9	15	5
ENSP00000311572	4	10	8	7	12	28	11	11	6
ENSP00000273450	4	9	6	2	13	1	6	10	4
ENSP00000235090	4	9	6	5	5	7	6	7	5
ENSP00000273920	4	9	10	6	12	13	5	10	8
ENSP00000263273	4	9	7	1	3	10	6	10	9
ENSP00000238651	4	9	6	14	12	11	8	19	11
ENSP00000423350	4	8	3	3	1	4	3	4	4
ENSP00000218348	4	8	4	6	3	8	6	4	10
ENSP00000278618	4	7	4	2	3	2	6	4	1
ENSP00000221784	4	7	3	6	8	3	11	5	1
ENSP00000298687	4	7	2	3	11	6	2	5	3
ENSP00000326804	4	7	9	7	6	10	6	6	13
ENSP00000249364	4	6	5	3	3	4	3	4	3
ENSP00000246337	4	6	2	10	8	7	4	17	4
ENSP00000347581	4	6	3	3	5	5	5	2	5
ENSP00000251047	4	6	3	5	5	2	5	4	5
ENSP00000263697	4	6	3	5	3	6	4	9	5
ENSP00000347230	4	6	4	3	5	7	4	1	6
ENSP00000209875	4	5	3	4	8	2	1	6	1
ENSP00000369519	4	5	5	3	3	3	5	7	1
ENSP00000231498	4	5	9	2	1	6	5	4	2
ENSP00000240285	4	5	5	1	3	2	6	6	2
ENSP00000304467	4	5	3	1	3	3	3	1	5
ENSP00000322777	4	5	5	8	6	3	5	4	6
ENSP00000246043	4	5	5	4	1	4	6	5	6
ENSP00000234454	4	5	2	3	5	1	7	1	7
ENSP00000358853	4	5	7	7	1	7	6	6	7
ENSP00000369981	4	5	8	6	1	5	15	5	8
ENSP00000275607	4	4	6	5	3	4	2	6	1
ENSP00000380090	4	4	4	3	6	4	8	6	1
ENSP00000312419	4	4	8	3	2	5	4	2	2
ENSP00000277165	4	4	3	3	1	3	2	1	3
ENSP00000354737	4	4	1	2	1	4	5	1	3
ENSP00000350710	4	4	3	3	2	3	4	4	3
ENSP00000344259	4	4	4	5	6	4	4	4	3
ENSP00000401151	4	4	6	1	1	4	2	2	4
ENSP00000334314	4	4	3	4	1	3	3	2	4
ENSP00000262710	4	4	6	5	5	5	8	5	4
ENSP00000337261	4	4	5	6	5	1	6	1	5
ENSP00000254480	4	4	6	2	3	4	5	2	5
ENSP00000259632	4	4	6	3	3	6	3	5	5
ENSP00000261776	4	4	6	3	3	4	4	7	5
ENSP00000347969	4	4	11	3	6	6	8	7	6
ENSP00000335600	4	3	2	4	5	3	1	1	1
ENSP00000364882	4	3	4	2	5	3	3	1	2
ENSP00000328553	4	3	4	3	1	5	6	1	2
ENSP00000347897	4	3	4	4	2	4	4	4	2
ENSP00000200639	4	3	3	2	1	3	3	5	2
ENSP00000274787	4	3	4	3	3	5	6	6	2
ENSP00000348770	4	3	3	3	5	3	6	7	2
ENSP00000412420	4	3	4	3	1	2	3	4	3
ENSP00000037243	4	3	5	4	2	6	6	4	3
ENSP00000294401	4	3	3	7	7	5	6	4	3
ENSP00000341538	4	3	5	3	3	6	6	4	3
ENSP00000306670	4	3	7	4	5	11	6	4	3
ENSP00000328359	4	3	3	3	1	3	8	4	3
ENSP00000227503	4	3	5	5	7	4	6	11	3
ENSP00000317362	4	3	5	4	3	5	5	1	4
ENSP00000363832	4	3	6	3	2	5	4	2	4
ENSP00000220592	4	3	5	5	6	4	5	4	4
ENSP00000358083	4	3	6	3	3	5	5	4	4
ENSP00000222005	4	3	12	5	2	8	6	4	4
ENSP00000291236	4	3	6	5	6	5	4	4	5
ENSP00000282369	4	3	5	8	5	5	9	6	5
ENSP00000265368	4	3	8	11	7	8	10	10	5
ENSP00000300648	4	3	7	4	1	13	4	2	6
ENSP00000363050	4	3	4	6	11	8	5	2	6
ENSP00000211379	4	3	3	4	3	2	6	2	6
ENSP00000246314	4	3	3	6	6	4	6	4	6
ENSP00000368959	4	3	11	5	3	20	6	1	7
ENSP00000375730	4	3	12	3	1	10	9	1	11
ENSP00000221249	4	2	3	1	2	4	6	1	1
ENSP00000394299	4	2	4	1	1	3	2	2	1
ENSP00000411498	4	2	4	2	2	4	3	4	1
ENSP00000234420	4	2	2	2	2	4	3	2	2
ENSP00000368030	4	2	9	4	1	13	15	2	2
ENSP00000261650	4	2	2	3	1	2	1	1	3
ENSP00000344591	4	2	4	2	2	4	5	1	3
ENSP00000221801	4	2	4	2	1	8	4	2	3
ENSP00000221418	4	2	10	2	1	6	5	4	3
ENSP00000355895	4	2	5	2	3	5	2	5	3
ENSP00000254799	4	2	4	5	10	1	5	6	4
ENSP00000295685	4	2	5	1	3	6	4	4	5
ENSP00000240159	4	2	2	3	8	5	3	5	5
ENSP00000346148	4	2	4	3	1	6	6	2	6
ENSP00000348849	4	2	5	1	1	11	3	1	7
ENSP00000233057	4	2	12	3	1	11	5	4	8
ENSP00000264889	4	1	3	3	1	9	6	1	1
ENSP00000294172	4	1	3	2	2	1	3	2	1
ENSP00000290231	4	1	1	5	2	2	3	2	1
ENSP00000338191	4	1	7	3	3	6	3	4	1
ENSP00000299980	4	1	5	1	1	7	1	1	2
ENSP00000264235	4	1	5	2	2	10	4	2	2
ENSP00000348444	4	1	6	4	6	4	5	5	2
ENSP00000355560	4	1	6	2	1	4	5	1	3
ENSP00000251076	4	1	8	3	2	4	5	1	3
ENSP00000215375	4	1	3	2	1	3	6	1	3
ENSP00000352219	4	1	5	6	5	4	11	9	3
ENSP00000362987	4	1	2	2	3	6	2	1	4
ENSP00000363874	4	1	4	2	1	6	3	1	4
ENSP00000216832	4	1	5	2	5	1	3	5	4
ENSP00000231751	4	1	3	3	1	3	1	1	5
ENSP00000350301	4	1	5	1	2	4	5	1	5
ENSP00000346223	4	1	5	2	2	4	9	1	5
ENSP00000264447	4	1	4	2	1	4	1	4	6
ENSP00000262375	4	1	4	1	1	4	4	1	7
ENSP00000359151	4	1	3	1	3	2	5	4	8
ENSP00000262173	4	1	7	2	1	3	3	1	11
ENSP00000346027	4	1	15	2	2	11	3	1	11
ENSP00000352162	4	1	17	3	1	16	5	1	14
ENSP00000352612	4	1	23	2	1	29	5	1	18
ENSP00000357448	4	20	2	2	8	1	2	7	1
ENSP00000303754	4	11	1	11	8	1	15	4	2
ENSP00000266964	4	11	4	8	10	1	7	14	11
ENSP00000265641	4	10	1	8	11	3	3	10	3
ENSP00000232907	4	8	5	5	7	3	5	1	1
ENSP00000341837	4	8	2	5	10	2	4	7	1
ENSP00000232125	4	8	10	6	3	6	6	5	4
ENSP00000317360	4	8	7	1	5	6	5	1	5
ENSP00000416257	4	8	7	4	1	5	6	5	5
ENSP00000259037	4	7	10	4	8	6	6	14	6
ENSP00000295951	4	6	2	3	7	2	2	1	1
ENSP00000407375	4	6	3	2	3	1	6	9	2
ENSP00000377696	4	6	4	5	7	2	4	6	3
ENSP00000352738	4	6	5	5	2	6	7	4	4
ENSP00000364398	4	6	7	4	1	5	6	2	5
ENSP00000320516	4	6	6	3	3	5	6	2	5
ENSP00000229390	4	6	3	6	6	5	8	5	5
ENSP00000273628	4	6	3	4	5	5	6	2	6
ENSP00000229771	4	6	6	1	2	7	4	1	7
ENSP00000295783	4	6	5	7	5	11	5	4	7
ENSP00000316950	4	6	12	7	6	10	16	6	10
ENSP00000262887	4	5	2	3	3	4	5	5	1
ENSP00000348307	4	5	4	2	1	2	3	2	2
ENSP00000263867	4	5	3	3	1	4	2	1	3
ENSP00000366544	4	5	4	2	2	3	4	2	3
ENSP00000421922	4	5	2	3	3	6	5	5	3
ENSP00000295640	4	5	9	2	2	9	2	1	4
ENSP00000264221	4	5	7	5	5	2	3	4	4
ENSP00000354591	4	5	5	5	1	4	5	4	4
ENSP00000344942	4	5	2	5	5	2	6	5	4
ENSP00000363313	4	5	2	5	5	3	6	5	4
ENSP00000356290	4	5	10	5	8	6	6	6	5
ENSP00000319977	4	5	3	4	6	3	8	9	5
ENSP00000296048	4	5	2	3	12	4	2	5	7
ENSP00000363899	4	5	4	4	3	4	9	5	7
ENSP00000370395	4	5	3	7	8	4	9	11	9
ENSP00000347005	4	5	6	7	8	3	2	7	11
ENSP00000256119	4	5	5	13	6	20	23	4	16
ENSP00000324573	4	4	2	2	6	2	5	4	1
ENSP00000259569	4	4	3	2	5	6	5	4	1
ENSP00000221996	4	4	1	4	3	2	6	6	1
ENSP00000249442	4	4	4	5	2	4	7	9	1
ENSP00000322175	4	4	6	1	3	1	3	4	2
ENSP00000255631	4	4	6	1	1	6	3	4	3
ENSP00000327336	4	4	2	3	2	4	5	4	3
ENSP00000273308	4	4	2	5	8	1	6	4	3
ENSP00000306548	4	4	3	3	3	4	4	1	4
ENSP00000362648	4	4	3	3	7	1	4	1	5
ENSP00000314768	4	4	4	3	1	4	3	2	5
ENSP00000259667	4	4	2	5	5	3	6	2	5
ENSP00000315388	4	4	3	1	3	4	5	4	5
ENSP00000241052	4	4	7	12	8	4	11	7	5
ENSP00000317257	4	4	2	2	8	1	6	19	5
ENSP00000406027	4	4	5	3	3	10	3	2	6
ENSP00000261889	4	4	10	4	7	10	6	9	10
ENSP00000389465	4	4	6	2	3	4	6	7	13
ENSP00000357360	4	3	1	3	1	4	2	1	1
ENSP00000218006	4	3	4	1	1	2	2	2	1
ENSP00000257829	4	3	1	4	1	1	3	1	2
ENSP00000212369	4	3	5	5	3	1	3	2	2
ENSP00000320485	4	3	2	2	1	2	3	2	2
ENSP00000263966	4	3	3	1	1	2	2	1	3
ENSP00000329097	4	3	4	2	2	3	2	1	3
ENSP00000267425	4	3	1	1	1	4	3	1	3
ENSP00000347744	4	3	4	1	1	3	4	1	3
ENSP00000355050	4	3	5	1	2	4	4	1	3
ENSP00000174653	4	3	2	4	1	4	6	1	3
ENSP00000253048	4	3	4	1	1	3	2	2	3
ENSP00000344572	4	3	5	2	1	4	3	2	3
ENSP00000338185	4	3	3	6	2	3	4	5	3
ENSP00000259034	4	3	2	3	8	1	7	5	3
ENSP00000263934	4	3	6	1	2	6	4	2	4
ENSP00000295736	4	3	7	4	1	6	6	2	4
ENSP00000377669	4	3	5	4	5	6	5	6	4
ENSP00000167462	4	3	7	1	1	8	5	1	5
ENSP00000375415	4	3	3	5	1	7	6	1	5
ENSP00000366018	4	3	4	4	1	2	3	2	5
ENSP00000316879	4	3	11	4	2	11	4	4	5
ENSP00000263672	4	3	4	3	3	4	5	4	5
ENSP00000346088	4	3	8	4	1	21	6	1	6
ENSP00000358126	4	3	4	2	1	4	2	2	6
ENSP00000345412	4	3	4	2	1	7	1	1	8
ENSP00000388077	4	3	4	5	7	3	3	5	8
ENSP00000263525	4	3	3	3	1	5	2	7	8
ENSP00000220822	4	3	3	3	1	5	1	1	9
ENSP00000229329	4	3	5	2	3	4	6	6	9
ENSP00000361327	4	2	5	1	1	4	3	1	1
ENSP00000349629	4	2	3	2	1	7	1	2	1
ENSP00000308534	4	2	3	2	1	9	2	2	1
ENSP00000266039	4	2	3	4	2	3	5	2	1
ENSP00000328023	4	2	3	1	3	10	1	4	1
ENSP00000228307	4	2	2	1	2	4	2	4	1
ENSP00000328570	4	2	2	2	3	1	5	1	2
ENSP00000384619	4	2	3	1	2	3	3	2	2
ENSP00000264158	4	2	3	1	1	4	3	2	2
ENSP00000319798	4	2	6	1	2	3	5	2	2
ENSP00000360843	4	2	2	2	1	8	5	2	2
ENSP00000254663	4	2	3	2	2	1	3	4	2
ENSP00000261167	4	2	3	5	2	1	7	4	2
ENSP00000263713	4	2	2	1	3	2	1	1	3
ENSP00000353998	4	2	7	2	1	5	2	1	3
ENSP00000258180	4	2	3	3	3	6	3	1	3
ENSP00000250498	4	2	9	1	1	6	4	1	3
ENSP00000248070	4	2	8	3	2	11	7	1	3
ENSP00000262406	4	2	4	2	3	4	3	4	3
ENSP00000359290	4	2	3	3	3	4	5	4	3
ENSP00000265773	4	2	3	2	1	4	4	2	4
ENSP00000363331	4	2	4	5	5	4	6	2	4
ENSP00000352041	4	2	4	2	2	2	7	2	4
ENSP00000242577	4	2	7	1	1	4	1	1	5
ENSP00000243167	4	2	4	4	2	6	5	1	5
ENSP00000261405	4	2	4	5	1	8	6	1	5
ENSP00000254508	4	2	6	4	1	4	5	6	5
ENSP00000311026	4	2	4	4	1	8	4	1	6
ENSP00000300291	4	2	2	5	2	3	6	2	6
ENSP00000304740	4	2	4	4	5	5	6	7	8
ENSP00000246117	4	2	8	1	1	7	4	1	10
ENSP00000256383	4	1	3	3	1	1	4	1	1
ENSP00000288666	4	1	7	1	8	4	8	6	1
ENSP00000339353	4	1	4	1	1	3	2	1	2
ENSP00000293217	4	1	3	3	1	5	3	1	2
ENSP00000301457	4	1	3	2	2	3	9	1	2
ENSP00000356452	4	1	1	1	3	3	2	2	2
ENSP00000262061	4	1	7	2	1	2	7	2	2
ENSP00000269886	4	1	3	1	1	1	5	4	2
ENSP00000252542	4	1	5	1	1	3	1	1	3
ENSP00000296557	4	1	2	3	1	3	3	1	3
ENSP00000263764	4	1	1	1	1	4	3	1	3
ENSP00000404469	4	1	2	1	1	4	3	1	3
ENSP00000252321	4	1	3	1	2	4	3	1	3
ENSP00000365716	4	1	2	1	1	4	4	1	3
ENSP00000340587	4	1	3	3	3	3	5	2	3
ENSP00000329757	4	1	4	2	3	4	3	5	3
ENSP00000364919	4	1	6	1	1	8	1	1	4
ENSP00000225698	4	1	3	2	2	3	4	1	4
ENSP00000199448	4	1	5	4	1	11	9	1	4
ENSP00000382327	4	1	3	1	3	2	4	2	4
ENSP00000219313	4	1	5	4	1	7	3	4	4
ENSP00000331019	4	1	10	1	1	9	1	1	5
ENSP00000358312	4	1	1	1	1	4	2	1	5
ENSP00000364751	4	1	2	2	2	5	4	6	5
ENSP00000263277	4	1	5	3	2	6	4	1	7
ENSP00000210444	4	1	2	3	3	2	2	1	8
ENSP00000366396	4	1	5	5	1	7	2	1	8
ENSP00000362576	4	1	6	7	6	9	6	2	9
ENSP00000349977	4	1	15	1	1	10	3	2	13
ENSP00000346805	3	21	2	1	1	1	6	35	3
ENSP00000263368	3	10	3	5	11	1	7	11	1
ENSP00000219473	3	10	9	13	11	8	9	9	11
ENSP00000272065	3	9	5	11	10	3	9	6	2
ENSP00000411963	3	8	4	6	13	16	5	7	1
ENSP00000321058	3	8	6	5	2	6	3	6	4
ENSP00000316042	3	8	3	13	8	8	9	6	5
ENSP00000300784	3	7	2	4	5	2	2	6	4
ENSP00000266732	3	7	5	3	7	4	6	9	4
ENSP00000363500	3	6	2	4	3	4	5	4	2
ENSP00000344377	3	6	4	1	1	3	6	1	3
ENSP00000307870	3	6	3	8	6	3	4	4	3
ENSP00000351527	3	6	3	4	3	6	1	4	4
ENSP00000362456	3	6	4	2	7	1	3	5	4
ENSP00000324628	3	6	6	10	10	3	6	6	4
ENSP00000348578	3	6	6	7	3	7	6	2	6
ENSP00000314910	3	6	9	4	59	2	6	43	7
ENSP00000347667	3	5	2	2	2	1	6	2	1
ENSP00000368017	3	5	2	1	8	2	1	7	1
ENSP00000363734	3	5	1	2	8	1	2	6	2
ENSP00000258080	3	5	1	5	2	1	2	2	3
ENSP00000279146	3	5	4	5	5	3	4	2	3
ENSP00000393223	3	5	2	6	10	4	2	6	3
ENSP00000034275	3	5	3	5	7	3	6	6	4
ENSP00000321087	3	5	5	3	3	4	3	1	5
ENSP00000245503	3	5	3	3	3	4	6	4	5
ENSP00000255381	3	5	3	3	3	4	6	4	5
ENSP00000332373	3	5	7	4	3	9	5	2	6
ENSP00000265302	3	4	7	5	3	7	3	1	1
ENSP00000215780	3	4	5	3	2	4	2	2	1
ENSP00000365152	3	4	1	2	3	4	2	4	1
ENSP00000225614	3	4	5	3	3	1	3	4	1
ENSP00000315328	3	4	3	1	3	1	4	4	1
ENSP00000216297	3	4	2	5	1	2	3	1	2
ENSP00000256509	3	4	3	3	5	4	4	1	2
ENSP00000216286	3	4	1	1	1	4	6	1	2
ENSP00000250101	3	4	3	2	5	2	4	6	2
ENSP00000355566	3	4	1	3	3	5	7	6	2
ENSP00000321365	3	4	3	5	8	4	2	7	2
ENSP00000260385	3	4	2	2	2	2	3	1	3
ENSP00000264389	3	4	4	2	6	2	3	5	3
ENSP00000357851	3	4	6	1	1	3	2	1	4
ENSP00000263150	3	4	1	3	2	3	5	1	4
ENSP00000368528	3	4	6	4	2	8	4	4	4
ENSP00000365025	3	4	3	5	3	3	3	5	4
ENSP00000351813	3	4	5	5	2	4	3	5	4
ENSP00000354720	3	4	3	5	2	5	5	5	4
ENSP00000279022	3	4	4	3	1	4	4	2	5
ENSP00000318016	3	4	5	5	3	5	8	5	5
ENSP00000366783	3	4	5	6	6	5	6	6	5
ENSP00000272995	3	4	6	4	7	6	5	1	7
ENSP00000267814	3	3	2	1	2	4	1	1	1
ENSP00000374240	3	3	3	2	2	1	3	1	1
ENSP00000362409	3	3	4	3	2	4	5	1	1
ENSP00000320622	3	3	1	3	2	4	2	4	1
ENSP00000226594	3	3	3	2	2	9	2	4	1
ENSP00000225603	3	3	1	1	6	1	3	4	1
ENSP00000318861	3	3	2	2	6	1	4	4	1
ENSP00000229794	3	3	1	2	2	4	2	5	1
ENSP00000233099	3	3	4	1	5	3	1	1	2
ENSP00000276590	3	3	2	4	2	4	1	1	2
ENSP00000262304	3	3	3	2	3	1	3	1	2
ENSP00000261714	3	3	3	3	1	1	4	1	2
ENSP00000364121	3	3	5	1	1	4	2	2	2
ENSP00000302343	3	3	3	2	5	8	4	4	2
ENSP00000296754	3	3	3	1	1	6	6	4	2
ENSP00000355599	3	3	1	3	1	2	2	7	2
ENSP00000303992	3	3	1	2	1	4	3	1	3
ENSP00000360305	3	3	1	7	5	1	3	4	3
ENSP00000252512	3	3	6	1	7	11	4	5	3
ENSP00000226004	3	3	7	3	6	10	3	6	3
ENSP00000311273	3	3	3	4	5	3	5	7	3
ENSP00000373487	3	3	4	6	5	2	14	17	3
ENSP00000325240	3	3	1	4	3	1	3	1	4
ENSP00000355237	3	3	4	3	3	3	3	1	4
ENSP00000393247	3	3	6	4	3	5	3	2	4
ENSP00000222124	3	3	5	2	1	4	4	2	4
ENSP00000320228	3	3	4	4	2	4	7	2	4
ENSP00000263579	3	3	4	4	5	5	5	4	4
ENSP00000301281	3	3	4	5	5	3	2	5	4
ENSP00000313829	3	3	3	3	5	4	4	5	4
ENSP00000424838	3	3	5	4	5	4	4	5	4
ENSP00000368831	3	3	7	4	8	7	4	9	4
ENSP00000263408	3	3	1	4	8	5	7	15	4
ENSP00000221431	3	3	1	1	2	2	3	1	6
ENSP00000310723	3	3	3	3	2	4	3	1	6
ENSP00000318115	3	3	3	4	3	4	5	4	6
ENSP00000304669	3	3	2	2	1	1	2	5	6
ENSP00000262613	3	3	5	4	3	2	6	5	6
ENSP00000347020	3	3	4	3	2	4	4	7	6
ENSP00000251607	3	2	2	3	2	4	3	1	1
ENSP00000296328	3	2	3	1	2	4	5	1	1
ENSP00000267978	3	2	4	3	1	2	1	2	1
ENSP00000277468	3	2	4	2	1	4	3	2	1
ENSP00000267568	3	2	4	2	3	1	4	2	1
ENSP00000344683	3	2	5	3	2	2	1	2	2
ENSP00000310596	3	2	3	2	2	1	2	2	2
ENSP00000346291	3	2	1	4	2	1	2	2	2
ENSP00000342481	3	2	3	3	2	2	2	2	2
ENSP00000313490	3	2	3	1	1	4	3	2	2
ENSP00000363638	3	2	2	2	1	3	6	2	2
ENSP00000223642	3	2	3	1	5	1	3	4	2
ENSP00000263847	3	2	4	2	1	3	2	5	2
ENSP00000422785	3	2	4	1	1	4	1	1	3
ENSP00000317441	3	2	5	3	2	4	1	1	3
ENSP00000270176	3	2	5	1	1	8	1	1	3
ENSP00000318262	3	2	2	1	1	5	2	1	3
ENSP00000420678	3	2	3	1	1	6	2	1	3
ENSP00000305653	3	2	4	1	1	3	1	4	3
ENSP00000316454	3	2	7	1	2	6	5	4	3
ENSP00000403817	3	2	3	1	2	1	4	5	3
ENSP00000237889	3	2	2	2	6	3	4	6	3
ENSP00000263202	3	2	3	2	1	2	2	1	4
ENSP00000253794	3	2	3	2	1	4	6	1	4
ENSP00000297338	3	2	2	2	2	2	2	2	4
ENSP00000252936	3	2	3	2	1	4	3	2	4
ENSP00000270538	3	2	3	3	3	4	5	2	4
ENSP00000337053	3	2	2	3	5	4	4	5	4
ENSP00000351851	3	2	6	2	2	4	3	1	5
ENSP00000355086	3	2	5	1	1	5	4	1	5
ENSP00000262418	3	2	3	12	8	8	15	4	5
ENSP00000260648	3	2	7	4	1	10	1	1	6
ENSP00000314499	3	2	3	6	7	6	12	11	6
ENSP00000263962	3	2	4	4	1	3	1	1	8
ENSP00000238688	3	2	7	3	6	7	5	7	8
ENSP00000311554	3	2	6	2	1	8	4	2	9
ENSP00000374856	3	2	5	51	75	18	83	194	11
ENSP00000276844	3	1	4	2	3	6	1	1	1
ENSP00000223029	3	1	7	2	1	8	2	1	1
ENSP00000338919	3	1	3	1	1	6	4	1	1
ENSP00000265654	3	1	5	1	2	2	3	2	1
ENSP00000301843	3	1	3	3	3	2	4	2	1
ENSP00000293385	3	1	1	3	6	1	4	4	1
ENSP00000253039	3	1	2	2	3	2	4	4	1
ENSP00000256001	3	1	4	3	1	2	5	4	1
ENSP00000259477	3	1	1	1	2	1	7	4	1
ENSP00000419851	3	1	3	3	3	5	6	5	1
ENSP00000219439	3	1	3	1	2	4	7	6	1
ENSP00000303887	3	1	4	2	1	4	1	1	2
ENSP00000263559	3	1	4	1	1	5	1	1	2
ENSP00000314837	3	1	4	2	1	2	3	1	2
ENSP00000264638	3	1	5	1	1	3	3	1	2
ENSP00000317980	3	1	3	1	1	4	3	1	2
ENSP00000362687	3	1	2	2	2	2	4	1	2
ENSP00000364584	3	1	3	1	1	6	4	1	2
ENSP00000314349	3	1	5	2	3	2	2	2	2
ENSP00000269468	3	1	3	2	3	4	2	2	2
ENSP00000251296	3	1	3	1	3	4	2	2	2
ENSP00000382239	3	1	6	4	1	9	5	2	2
ENSP00000268097	3	1	3	1	2	3	5	5	2
ENSP00000325423	3	1	3	2	5	1	3	6	2
ENSP00000303908	3	1	6	2	1	2	2	1	3
ENSP00000286371	3	1	5	2	1	4	2	1	3
ENSP00000261183	3	1	2	1	2	4	2	1	3
ENSP00000278671	3	1	5	2	2	4	3	1	3
ENSP00000307850	3	1	5	1	1	5	3	1	3
ENSP00000256429	3	1	1	1	3	3	3	2	3
ENSP00000275493	3	1	3	2	2	8	4	4	3
ENSP00000255681	3	1	1	4	7	4	8	4	3
ENSP00000295066	3	1	3	3	1	6	5	6	3
ENSP00000370128	3	1	3	1	2	3	1	1	4
ENSP00000326342	3	1	3	1	1	5	2	1	4
ENSP00000157775	3	1	2	3	3	4	2	2	4
ENSP00000259335	3	1	2	1	2	5	2	2	4
ENSP00000360265	3	1	4	1	2	1	4	2	4
ENSP00000307014	3	1	4	2	6	3	5	9	4
ENSP00000263257	3	1	3	1	1	3	2	1	5
ENSP00000256196	3	1	3	1	1	4	3	2	5
ENSP00000235329	3	1	1	6	2	1	6	2	5
ENSP00000282077	3	1	7	1	2	6	1	1	6
ENSP00000300406	3	1	5	5	2	11	2	1	6
ENSP00000348273	3	1	2	5	1	4	31	126	13
ENSP00000215861	2	25	1	1	1	1	10	81	1
ENSP00000285381	2	14	2	3	8	1	2	2	2
ENSP00000353720	2	10	10	1	1	1	1	1	1
ENSP00000323889	2	7	3	4	2	1	5	4	4
ENSP00000296585	2	6	3	2	3	5	1	1	1
ENSP00000361502	2	6	3	1	6	1	3	1	2
ENSP00000302160	2	6	4	5	10	4	3	6	2
ENSP00000388906	2	6	4	2	1	4	1	1	3
ENSP00000368714	2	6	6	3	2	4	1	1	3
ENSP00000265388	2	6	2	1	2	7	3	2	4
ENSP00000366819	2	5	6	2	5	3	4	1	1
ENSP00000354730	2	5	2	5	3	5	3	2	3
ENSP00000391667	2	5	3	6	5	4	5	2	3
ENSP00000292169	2	5	3	3	6	2	3	10	3
ENSP00000338788	2	5	4	1	1	1	3	1	4
ENSP00000363559	2	5	3	1	1	3	3	1	4
ENSP00000228850	2	5	3	4	12	4	4	18	6
ENSP00000300086	2	5	2	13	6	3	8	5	7
ENSP00000350877	2	4	1	5	11	4	2	1	1
ENSP00000348772	2	4	2	6	5	3	1	2	1
ENSP00000261755	2	4	3	1	2	1	3	2	1
ENSP00000408341	2	4	1	3	3	3	2	5	1
ENSP00000220959	2	4	2	2	2	2	3	5	1
ENSP00000248121	2	4	3	3	2	2	2	1	2
ENSP00000343031	2	4	1	2	2	2	2	2	2
ENSP00000278845	2	4	2	4	3	1	4	2	2
ENSP00000334499	2	4	1	4	2	4	4	2	2
ENSP00000294192	2	4	2	3	3	1	1	6	2
ENSP00000337641	2	4	3	1	2	3	2	1	3
ENSP00000216774	2	4	2	3	1	4	1	1	4
ENSP00000339467	2	4	4	4	2	5	2	4	4
ENSP00000314949	2	4	4	1	5	4	3	4	4
ENSP00000320130	2	4	8	4	6	5	5	5	5
ENSP00000293872	2	4	6	5	7	4	5	5	6
ENSP00000326261	2	3	2	3	5	2	2	1	1
ENSP00000364015	2	3	2	3	2	4	2	1	1
ENSP00000317985	2	3	3	1	1	4	3	1	1
ENSP00000272427	2	3	3	1	3	1	4	1	1
ENSP00000221957	2	3	2	2	2	4	1	2	1
ENSP00000265960	2	3	3	5	2	1	2	2	1
ENSP00000332371	2	3	2	3	2	1	5	2	1
ENSP00000365002	2	3	3	1	1	4	5	1	2
ENSP00000356953	2	3	3	1	3	9	2	4	2
ENSP00000359503	2	3	2	3	2	3	3	5	2
ENSP00000265023	2	3	1	2	5	1	5	5	2
ENSP00000263639	2	3	1	2	3	3	1	1	3
ENSP00000352400	2	3	3	3	1	3	3	2	3
ENSP00000361616	2	3	2	4	3	4	3	2	3
ENSP00000322376	2	3	6	2	2	8	5	2	3
ENSP00000251412	2	3	3	4	6	2	2	4	3
ENSP00000355586	2	3	1	6	16	4	5	28	3
ENSP00000271555	2	3	2	6	1	1	5	1	4
ENSP00000385083	2	3	3	4	1	3	3	2	4
ENSP00000260508	2	3	3	5	5	4	5	2	4
ENSP00000258960	2	3	7	4	3	3	1	5	4
ENSP00000227524	2	3	5	8	10	4	3	5	4
ENSP00000329291	2	3	5	1	1	3	1	1	5
ENSP00000308067	2	3	2	4	2	4	6	2	6
ENSP00000355180	2	3	4	2	2	3	1	4	7
ENSP00000346001	2	3	9	7	5	10	5	6	15
ENSP00000263036	2	2	5	4	2	1	3	1	1
ENSP00000305920	2	2	3	1	1	6	3	1	1
ENSP00000370718	2	2	1	1	5	6	3	1	1
ENSP00000269577	2	2	4	3	2	4	4	4	1
ENSP00000399469	2	2	1	2	6	2	2	5	1
ENSP00000302621	2	2	3	2	3	2	5	5	1
ENSP00000278968	2	2	1	6	3	1	1	6	1
ENSP00000340918	2	2	4	4	1	6	1	1	2
ENSP00000296543	2	2	3	1	1	5	2	1	2
ENSP00000216465	2	2	5	2	2	4	3	1	2
ENSP00000385578	2	2	3	4	1	12	3	1	2
ENSP00000346300	2	2	4	2	2	2	4	1	2
ENSP00000357876	2	2	5	2	5	3	4	1	2
ENSP00000358563	2	2	4	3	2	6	4	1	2
ENSP00000254770	2	2	6	4	2	10	2	2	2
ENSP00000238618	2	2	3	3	5	2	3	2	2
ENSP00000347648	2	2	3	2	1	3	3	2	2
ENSP00000217131	2	2	4	3	1	5	3	2	2
ENSP00000262963	2	2	4	4	1	4	1	4	2
ENSP00000356418	2	2	4	2	2	4	3	4	2
ENSP00000350894	2	2	2	1	1	4	4	4	2
ENSP00000274008	2	2	5	4	5	3	1	6	2
ENSP00000331719	2	2	2	1	2	1	6	7	2
ENSP00000322991	2	2	4	3	1	3	2	1	3
ENSP00000261424	2	2	4	1	1	2	3	1	3
ENSP00000317468	2	2	3	3	1	3	3	1	3
ENSP00000362058	2	2	1	1	5	1	1	10	3
ENSP00000338516	2	2	4	7	8	3	5	10	3
ENSP00000222374	2	2	4	5	3	11	1	2	4
ENSP00000249042	2	2	4	2	2	3	3	2	4
ENSP00000362155	2	2	3	4	3	5	6	2	4
ENSP00000367151	2	2	1	3	2	1	1	5	4
ENSP00000321988	2	2	1	2	3	3	6	5	4
ENSP00000286713	2	2	5	2	3	4	6	5	4
ENSP00000284981	2	2	4	1	8	2	1	7	4
ENSP00000361699	2	2	3	2	5	3	4	7	4
ENSP00000342374	2	2	2	1	2	4	4	4	5
ENSP00000273951	2	2	1	8	31	4	12	46	5
ENSP00000264065	2	2	3	2	1	4	5	1	6
ENSP00000306361	2	2	4	3	3	5	21	26	8
ENSP00000328789	2	1	6	1	1	4	2	1	1
ENSP00000297268	2	1	2	2	3	4	3	1	1
ENSP00000314992	2	1	6	1	1	5	5	1	1
ENSP00000230048	2	1	3	6	1	4	4	2	1
ENSP00000355349	2	1	1	1	5	1	4	9	1
ENSP00000292401	2	1	2	5	11	3	13	24	1
ENSP00000265636	2	1	2	1	1	6	3	1	2
ENSP00000264896	2	1	4	1	6	12	1	2	2
ENSP00000005374	2	1	3	3	3	4	3	2	2
ENSP00000403112	2	1	4	2	2	4	4	2	2
ENSP00000369500	2	1	1	2	2	4	3	4	2
ENSP00000354522	2	1	2	1	2	2	4	7	2
ENSP00000346522	2	1	6	1	1	10	1	1	3
ENSP00000220584	2	1	5	1	1	2	3	1	3
ENSP00000377225	2	1	4	1	1	3	4	1	3
ENSP00000325313	2	1	1	3	1	4	6	1	3
ENSP00000246792	2	1	6	1	2	3	3	2	3
ENSP00000372697	2	1	4	1	1	3	1	4	3
ENSP00000261203	2	1	2	4	2	2	4	4	3
ENSP00000315379	2	1	4	3	2	3	1	1	4
ENSP00000337679	2	1	5	2	1	4	1	1	4
ENSP00000365641	2	1	2	4	2	2	3	1	4
ENSP00000342787	2	1	2	3	1	4	4	1	4
ENSP00000272233	2	1	7	1	2	5	6	1	4
ENSP00000390031	2	1	5	1	1	2	3	2	4
ENSP00000216099	2	1	4	8	5	1	5	2	4
ENSP00000268182	2	1	1	2	2	1	3	4	4
ENSP00000413843	2	1	3	2	2	8	4	4	4
ENSP00000249389	2	1	6	2	1	9	4	2	5
ENSP00000352222	2	1	1	3	3	4	3	4	5
ENSP00000365462	2	1	5	1	1	4	1	1	7
ENSP00000222308	2	1	6	2	1	10	2	1	7
ENSP00000264952	2	1	6	4	2	6	2	4	7
ENSP00000353224	2	1	9	1	1	1	3	1	15
ENSP00000257895	2	1	1	12	3	5	53	40	18
ENSP00000363988	1	8	1	6	5	1	5	4	2
ENSP00000280969	1	7	3	8	6	1	6	6	1
ENSP00000226209	1	6	5	3	3	3	4	4	2
ENSP00000416583	1	6	5	3	3	5	4	1	4
ENSP00000251646	1	6	4	3	5	1	1	7	7
ENSP00000286648	1	5	1	2	2	2	3	4	1
ENSP00000370648	1	5	3	1	3	1	4	5	1
ENSP00000309433	1	5	1	2	7	3	5	5	1
ENSP00000216194	1	5	1	3	12	1	3	14	1
ENSP00000351261	1	5	7	7	3	4	5	5	6
ENSP00000353558	1	4	3	3	5	2	2	2	1
ENSP00000359603	1	4	1	2	2	1	4	4	1
ENSP00000371236	1	4	4	2	5	2	3	1	2
ENSP00000262633	1	4	2	3	2	1	4	1	2
ENSP00000318351	1	4	1	3	2	3	6	2	2
ENSP00000339521	1	4	2	3	2	2	1	4	2
ENSP00000310561	1	4	2	4	1	1	2	1	3
ENSP00000297814	1	4	1	2	1	3	2	2	3
ENSP00000321746	1	4	3	2	3	3	4	5	3
ENSP00000356632	1	3	2	1	6	3	4	1	1
ENSP00000334061	1	3	4	1	6	3	1	2	1
ENSP00000229416	1	3	3	2	1	4	3	2	1
ENSP00000333664	1	3	1	3	3	2	3	4	1
ENSP00000301730	1	3	1	5	5	2	3	5	1
ENSP00000362688	1	3	3	5	6	1	5	7	1
ENSP00000267169	1	3	3	3	2	3	1	4	2
ENSP00000262970	1	3	2	2	6	2	1	5	2
ENSP00000352308	1	3	2	1	2	2	3	1	4
ENSP00000330945	1	3	2	1	2	2	4	1	4
ENSP00000307087	1	3	7	1	2	4	6	4	4
ENSP00000221476	1	3	7	1	1	4	4	6	4
ENSP00000265132	1	3	2	6	12	4	16	44	4
ENSP00000276105	1	3	2	4	6	3	4	6	5
ENSP00000365401	1	3	5	3	1	2	4	1	6
ENSP00000194871	1	2	5	3	1	2	3	1	1
ENSP00000378965	1	2	2	4	2	2	2	4	1
ENSP00000303019	1	2	1	3	6	1	5	10	1
ENSP00000396457	1	2	1	4	11	4	4	13	1
ENSP00000335261	1	2	1	3	2	4	4	1	2
ENSP00000339016	1	2	2	5	3	1	1	2	2
ENSP00000238379	1	2	3	2	2	3	4	2	2
ENSP00000262241	1	2	1	2	2	2	5	2	2
ENSP00000262302	1	2	1	3	3	3	2	4	2
ENSP00000355672	1	2	3	3	2	1	2	5	2
ENSP00000230640	1	2	2	2	1	2	4	5	2
ENSP00000339479	1	2	3	3	5	6	5	6	2
ENSP00000362805	1	2	5	2	2	3	2	1	3
ENSP00000216840	1	2	3	2	1	3	3	1	3
ENSP00000219700	1	2	3	2	1	3	3	1	3
ENSP00000283290	1	2	5	1	1	4	3	1	3
ENSP00000262584	1	2	3	1	1	3	4	5	3
ENSP00000407272	1	2	3	1	1	2	2	6	3
ENSP00000222800	1	2	2	2	10	2	6	6	4
ENSP00000328635	1	2	3	1	2	3	3	2	5
ENSP00000374989	1	2	3	16	33	4	58	71	5
ENSP00000361862	1	2	5	3	1	3	13	7	8
ENSP00000350512	1	1	3	3	1	7	3	1	1
ENSP00000273908	1	1	2	2	1	7	4	1	1
ENSP00000356969	1	1	1	3	16	1	1	2	1
ENSP00000263012	1	1	3	2	1	3	5	2	1
ENSP00000314030	1	1	4	4	3	3	3	4	1
ENSP00000228705	1	1	1	1	8	1	3	5	1
ENSP00000357812	1	1	1	5	3	1	1	6	1
ENSP00000344193	1	1	1	1	6	1	1	10	1
ENSP00000266041	1	1	2	2	5	5	4	10	1
ENSP00000356671	1	1	1	6	7	2	8	11	1
ENSP00000265077	1	1	1	1	8	1	1	14	1
ENSP00000378130	1	1	1	1	7	1	4	14	1
ENSP00000255040	1	1	1	1	1	1	5	19	1
ENSP00000396093	1	1	2	5	8	3	11	19	1
ENSP00000355627	1	1	1	1	10	3	6	28	1
ENSP00000356191	1	1	5	2	55	1	1	62	1
ENSP00000295133	1	1	1	2	3	2	5	2	2
ENSP00000265678	1	1	2	4	1	3	6	2	2
ENSP00000233379	1	1	2	5	1	3	1	4	2
ENSP00000363875	1	1	1	3	3	1	6	4	2
ENSP00000254712	1	1	1	1	1	3	8	5	2
ENSP00000419834	1	1	1	3	2	3	5	6	2
ENSP00000075322	1	1	2	2	12	1	1	9	2
ENSP00000375042	1	1	1	2	2	1	3	9	2
ENSP00000248935	1	1	1	1	2	1	4	11	2
ENSP00000418649	1	1	1	2	5	2	5	17	2
ENSP00000308541	1	1	1	7	10	1	5	18	2
ENSP00000256733	1	1	1	1	1	1	34	59	2
ENSP00000205948	1	1	1	22	29	4	44	71	2
ENSP00000345292	1	1	2	1	1	6	2	1	3
ENSP00000320949	1	1	3	1	1	7	2	1	3
ENSP00000266087	1	1	5	2	1	11	2	1	3
ENSP00000074304	1	1	3	1	1	3	5	1	3
ENSP00000342214	1	1	3	2	1	4	2	2	3
ENSP00000394644	1	1	3	2	10	1	5	9	3
ENSP00000244137	1	1	4	5	2	4	6	9	3
ENSP00000360518	1	1	1	2	6	1	12	23	3
ENSP00000222644	1	1	3	1	1	8	1	1	4
ENSP00000262461	1	1	6	1	1	4	3	1	4
ENSP00000324100	1	1	3	2	2	2	2	2	4
ENSP00000220764	1	1	3	3	5	4	3	7	4
ENSP00000334373	1	1	3	1	10	4	5	15	4
ENSP00000284669	1	1	3	1	1	10	1	1	5
ENSP00000263100	1	1	6	11	29	7	12	33	5
ENSP00000325002	1	1	7	2	1	7	7	1	6
ENSP00000270517	1	1	1	2	1	2	3	4	6
ENSP00000342181	1	1	8	1	1	9	1	1	7
ENSP00000274813	1	1	5	2	1	3	2	1	7
ENSP00000348918	1	1	1	2	1	2	39	62	7
ENSP00000256324	1	1	3	1	1	3	3	5	9
ENSP00000305152	1	1	1	2	1	1	22	76	18
