ProteinName Control90Retina	Control90Vitreous	PDE6t15Retina	PDE6t15Vitreous	PDE6t28Retina	PDE6t28Vitreous	PDE6t90Retina	PDE6t90Vitreous
P24622-2	7838.7	574.3	356.3	4229.7	562.3	231.3	5092.3	7732.3
P04344	3145.9	7492.7	2811.3	1353.8	466.6	162.7	2693.1	5493.3
P23927	3008.0	365.7	108.0	1337.3	156.0	53.3	2104.0	3591.0
Q9QXC6	2329.8	677.8	402.9	1113.6	383.2	88.3	1586.1	3337.4
P62696	2188.7	1169.7	429.0	467.0	300.3	104.0	1371.0	1835.0
P04342	2138.0	4396.0	3234.5	1927.3	470.0	142.8	3242.1	3550.4
Q9WVJ5	1866.7	326.9	397.0	3824.0	452.3	68.9	1326.2	1893.8
Q9JJU9	1112.1	368.7	638.6	1068.2	417.1	39.6	1532.1	1238.2
O35486	1008.7	2724.3	442.0	414.3	160.7	45.0	1068.3	1579.3
P10854	900.6	0.3	1.7	442.5	552.4	12.7	303.3	3.0
Q9JJV1	728.3	473.3	166.3	329.3	96.0	30.7	354.3	844.0
E9QAS6	622.1	207.7	118.7	391.5	125.2	19.5	663.1	1106.9
Q9D6F9	550.4	2.0	32.0	838.1	518.4	2.0	171.7	321.1
P52480	547.7	7.3	5.3	219.0	221.7	23.0	121.3	499.7
P17182	463.9	51.0	89.6	927.2	305.2	4.9	134.1	436.7
Q3TFD9	450.7	53.3	49.9	131.2	181.5	19.3	199.9	48.4
P62806	392.5	1.0	0.0	320.4	357.8	4.3	57.2	1.3
P68368	356.5	4.9	63.6	1255.7	276.0	8.7	106.2	340.9
Q64522	318.7	16.5	27.5	350.6	380.0	24.3	60.5	7.3
P56480	275.3	2.7	11.0	114.0	39.0	0.3	31.7	0.0
Q6NVD9	269.6	0.0	6.3	151.4	38.3	0.3	196.8	35.0
Q05816	226.3	671.7	285.0	78.0	27.3	8.7	188.3	496.3
Q8BFZ3	221.0	16.8	33.7	112.0	124.4	20.4	112.0	140.4
P48962	195.3	0.0	0.0	141.3	86.0	0.0	39.3	0.7
A3KGU7	188.8	0.0	0.8	71.1	57.1	0.0	91.0	49.6
P20443	188.8	0.0	21.8	176.9	99.0	1.0	0.3	1.0
P17742	187.5	266.2	216.6	174.0	59.1	12.0	133.0	204.6
Q04447	187.5	16.3	16.0	175.3	165.0	6.0	158.7	216.7
P09411	181.1	88.2	33.0	120.2	83.6	0.7	87.6	158.4
Q62261	160.6	0.3	5.9	77.6	62.8	0.0	85.0	25.5
P04345	153.0	559.4	1026.3	786.9	142.4	10.0	178.8	296.0
P20612	147.0	3.0	1.3	45.4	48.8	0.7	5.3	0.0
P14602-2	143.2	8.6	0.3	33.0	9.6	1.0	55.4	132.3
P40142	138.0	0.7	1.3	82.7	80.0	0.0	63.3	122.7
P08249	133.7	0.0	0.0	38.3	50.7	0.0	6.0	0.0
Q68FD5	129.3	0.0	0.7	91.8	88.6	0.3	27.0	20.7
Q03265	128.5	0.0	0.0	79.4	96.7	1.0	17.0	0.0
Q3THB4	124.6	4.2	22.3	338.3	48.1	0.6	47.8	42.1
P06745	110.5	0.3	6.0	66.1	74.5	0.3	27.6	82.9
Q8CIX8	108.0	0.7	0.0	0.0	0.0	0.0	23.3	115.3
P10649	104.1	13.2	22.5	17.9	33.1	0.3	50.5	120.5
P62874	102.8	0.0	0.7	47.1	31.0	0.0	1.5	0.0
P62259	102.5	0.0	9.1	126.5	50.2	0.0	37.0	64.9
A2AMT1	91.5	0.3	4.7	129.4	20.3	0.0	36.3	11.6
P17751	90.0	58.7	37.0	70.3	86.0	6.3	22.3	86.0
P15105	86.7	0.3	0.0	29.3	45.8	0.0	17.9	85.1
P15409	74.3	0.0	1.0	50.0	16.7	0.0	0.0	0.0
O08553	72.8	0.0	0.0	82.9	65.0	1.3	44.7	60.7
Q9R0P5	70.7	22.3	16.0	3.7	7.3	1.0	47.7	48.0
Q78ZA7	70.3	0.0	0.3	67.2	7.7	0.0	19.8	50.8
P15864	70.3	0.0	0.0	174.8	133.1	0.0	4.6	0.0
Q60932-2	69.4	0.0	0.0	18.4	27.9	0.0	11.8	0.3
Q6PIC6	69.3	0.0	0.3	61.0	148.6	0.7	14.5	0.0
Q9DBJ1	68.3	41.0	20.0	189.3	59.7	0.0	22.0	52.3
P24549	68.0	0.3	1.0	51.7	38.7	0.0	18.0	68.7
P10126	65.8	0.0	14.9	90.8	55.0	6.7	36.2	59.6
P34884	64.0	51.7	21.0	42.7	10.0	3.0	31.3	45.0
Q8VHL5	62.7	2.0	15.3	86.3	16.7	0.0	49.7	40.3
P49194	62.3	0.0	0.0	20.9	28.7	0.0	0.0	0.0
P50396	61.7	7.6	17.4	25.3	32.4	0.0	56.9	58.8
P84228	61.0	10.0	10.3	94.0	42.7	1.0	15.3	4.3
P16858	60.4	4.3	0.3	73.1	52.6	2.7	37.0	63.2
P11499	59.9	0.8	7.0	116.7	50.3	0.3	24.5	49.0
Q61171	59.4	4.0	7.3	34.9	42.6	0.3	13.6	33.5
Q9CQI6	57.7	44.7	9.7	20.3	1.3	0.0	34.3	87.7
Q9ET01	56.9	0.0	0.0	20.2	17.6	0.0	13.5	33.7
Q01853	55.7	0.0	0.0	45.0	42.3	0.0	17.7	64.0
P05201	54.3	5.7	10.7	23.0	46.7	0.0	9.0	16.0
P02463	53.7	0.0	0.0	1.7	84.3	10.0	5.0	0.0
P17809	52.1	0.0	1.0	6.9	25.4	0.0	5.0	0.0
Q99LX0	48.5	24.4	16.2	93.6	7.9	2.7	16.0	42.4
Q9D1U0	41.7	9.7	10.0	9.0	3.3	2.0	31.0	23.7
P0C0S6	39.5	1.2	2.7	33.0	35.0	3.6	4.3	0.3
P17879	39.1	0.1	1.0	30.0	37.6	0.4	5.9	13.5
P56563	39.0	0.0	0.0	1.3	1.0	0.0	15.3	3.0
Q9DB20	38.9	0.0	0.0	15.2	53.1	0.0	0.7	0.0
P70296	38.8	90.0	70.2	24.9	29.5	0.0	11.0	82.8
P00920	38.0	35.0	40.3	24.7	49.0	1.0	13.7	60.3
Q9QZQ8-2	37.0	0.0	7.3	31.3	27.3	3.0	8.7	0.0
Q8BH59	36.3	0.0	0.0	15.0	7.3	0.0	1.0	0.0
Q9JHU4	36.3	0.0	0.3	51.5	29.6	0.0	1.7	15.3
Q3U995	36.0	0.0	0.0	10.2	17.5	0.0	17.5	0.3
Q9CR62	35.2	0.0	0.0	33.3	3.3	0.0	2.0	0.0
P05063	35.0	0.7	1.7	50.2	56.3	0.3	16.0	32.3
P70168	34.3	0.0	0.0	17.7	16.7	0.0	12.3	23.7
P10107	34.3	10.6	6.3	3.6	15.8	0.0	45.5	28.1
Q9D6R2	34.0	0.0	0.0	9.3	5.7	0.0	8.7	0.0
P05202	33.7	0.0	0.3	14.7	18.3	0.0	0.7	0.0
Q02053	33.0	0.0	2.0	90.3	29.0	0.0	2.7	18.0
P62827	32.9	25.6	18.3	19.7	10.3	0.0	16.7	23.3
P05064	32.4	2.6	1.7	59.9	44.3	0.7	7.9	19.1
P51180	32.3	0.0	0.7	12.7	9.0	0.0	30.3	6.7
P56564	32.0	0.0	0.7	16.3	23.6	0.3	12.7	0.0
P35700	31.7	1.7	2.3	11.2	8.9	0.0	18.5	30.4
Q9Z1G4-2	30.4	0.0	0.0	2.6	10.2	0.0	1.0	0.0
P46096	29.6	0.0	0.0	6.0	26.0	0.0	0.3	0.0
P46460	29.3	0.0	0.0	13.7	30.0	0.0	4.0	6.7
P39053-3	29.2	0.0	0.0	4.6	15.5	0.0	2.0	3.6
P84078	28.3	10.3	1.0	11.3	25.7	0.3	13.3	27.0
Q9R0P9	28.3	41.9	32.6	35.4	6.0	1.3	16.6	58.5
P62814	28.0	0.0	0.0	4.7	15.7	0.0	8.0	5.7
P61922	27.4	0.0	0.0	6.3	17.5	0.0	1.3	0.0
P16460	27.3	0.0	0.0	3.0	2.7	0.0	16.3	15.0
P08122	27.0	0.0	0.0	3.3	107.7	10.0	11.7	0.0
Q9Z1L4	27.0	0.0	0.0	7.3	7.7	0.0	0.0	0.0
P19157	27.0	20.0	16.7	12.0	19.7	0.0	12.3	30.0
O88569-2	26.0	0.0	16.0	21.0	9.3	0.3	0.3	0.0
P26040	25.3	0.0	1.0	15.7	6.1	0.0	27.9	15.7
Q9CZ13	24.7	0.0	0.0	12.0	6.3	0.0	1.0	0.0
P32958	24.3	0.0	0.0	5.3	5.0	0.0	0.0	0.0
Q9QXS1-10	24.2	0.0	0.0	0.0	0.3	0.0	6.0	1.0
Q9ERS2	24.0	0.0	0.0	0.3	3.0	0.0	1.0	7.0
P13595	23.8	0.0	0.0	33.0	17.5	0.0	3.6	0.0
P00405	23.7	0.0	0.0	18.0	14.3	0.0	8.3	0.0
Q9WVP1-2	23.7	0.0	0.0	0.0	0.0	0.0	1.0	19.7
P12382	23.6	0.3	0.0	4.2	8.6	0.0	4.3	5.4
Q6A0D0	23.2	11.9	10.0	30.2	18.9	1.3	31.5	36.7
Q99KI0	23.0	0.0	0.0	4.3	25.7	0.0	0.0	0.0
P63011	22.9	0.0	0.0	9.6	57.2	0.0	4.3	3.4
O08599-2	21.7	0.0	0.0	14.3	19.3	0.0	4.3	0.0
E9PZ16	21.1	0.0	0.0	8.9	343.6	0.7	7.9	0.0
P98203-2	21.0	0.0	0.0	3.7	0.3	0.0	2.0	0.0
P15532	20.9	0.0	0.0	14.6	4.0	0.0	7.3	23.3
Q9D0F9	20.3	0.0	4.0	21.3	3.3	0.0	0.7	15.8
P48774	20.2	0.0	2.4	3.7	3.4	0.1	14.8	25.9
Q9CPU0	20.0	6.0	5.3	20.3	4.3	0.0	12.3	22.0
Q9QYG0-2	20.0	0.0	0.0	11.3	10.7	0.0	0.3	13.0
Q61656	19.8	0.0	0.0	5.0	8.8	0.0	0.3	0.0
P62962	19.5	21.1	16.2	12.9	8.3	0.0	6.6	23.7
P14094	19.3	0.0	0.0	12.0	21.0	0.0	0.3	0.0
Q9Z275	19.3	0.0	0.7	17.7	22.0	0.3	10.0	44.3
Q3U2G2	19.0	0.0	0.0	2.4	7.9	0.0	0.8	10.5
Q60930	19.0	0.0	0.0	6.6	7.6	0.0	0.0	0.0
P56135	18.7	0.0	0.0	11.7	12.7	0.0	7.3	0.0
Q9Z1R9	18.7	57.3	42.3	0.3	47.0	4.3	9.3	17.3
P11983	18.6	0.0	0.0	2.7	4.7	0.0	2.0	12.3
Q61753	18.6	0.0	0.0	2.5	1.3	0.0	3.5	10.0
Q8BKC5	18.4	0.0	0.3	27.8	8.2	0.0	30.4	21.4
P07091	18.3	2.7	7.7	4.7	3.3	0.0	14.3	19.3
P0CG49	18.3	35.0	38.7	12.3	42.7	5.3	4.0	25.7
Q6PDM2-2	18.3	0.0	0.0	1.3	2.7	0.0	0.0	0.0
Q6ZQ38	18.3	0.0	0.0	29.2	12.0	0.0	1.3	8.3
P27773	18.0	0.0	0.0	4.0	6.7	0.0	2.0	1.7
P14733	17.9	0.0	0.0	5.7	7.0	0.0	0.0	0.0
P50516	17.6	0.0	0.0	15.9	20.5	0.0	12.6	4.0
P10630-2	17.4	0.0	7.5	30.9	8.8	0.0	13.0	13.6
P48036	17.3	2.3	22.0	3.7	8.0	2.3	10.3	27.0
P14152	17.0	3.0	21.7	82.0	29.7	1.0	3.3	31.7
P15499	17.0	0.0	0.0	3.0	0.7	0.0	0.0	0.0
Q9QW08	17.0	0.0	4.3	6.3	8.3	0.0	0.0	0.0
P17427	16.7	0.0	0.0	8.3	9.3	0.0	1.0	0.0
Q60668-2	16.6	0.0	2.7	22.7	11.7	0.0	0.0	0.0
Q9DCX2	16.0	0.0	0.0	3.7	4.3	0.0	2.3	0.0
P62141	15.6	0.0	0.0	2.7	5.5	0.0	1.3	3.0
P63038	15.6	0.3	0.0	9.3	4.7	1.0	4.0	0.0
Q64433	15.3	25.0	0.3	7.0	9.7	0.7	7.7	3.3
Q91V14-2	15.3	0.0	0.0	12.2	18.0	0.0	2.2	0.0
Q9CZU6	15.3	0.0	0.0	29.6	13.7	0.0	0.3	0.0
P16125	15.2	0.0	4.0	34.6	8.3	0.3	3.3	5.0
P28656	15.0	0.0	0.0	16.8	6.0	0.0	6.5	9.8
Q62425	15.0	0.0	0.0	0.0	10.0	0.0	1.0	0.0
O35215	14.7	12.0	1.3	0.0	0.0	0.0	18.0	15.3
P35564	14.7	0.0	0.0	2.3	13.0	0.3	3.3	0.7
P97822-2	14.7	0.0	5.7	9.3	6.0	0.0	0.0	1.3
P14148	14.0	0.0	0.0	11.3	6.3	0.0	6.0	0.0
Q8BYK4	14.0	0.0	0.3	27.0	2.7	0.0	0.0	0.0
Q920E5	14.0	0.0	0.7	2.0	4.3	0.0	2.0	6.7
Q99P72	14.0	0.0	0.0	0.3	6.7	0.0	3.0	1.0
Q9DCL9	14.0	0.0	0.0	36.7	3.3	0.0	3.0	12.3
O35737	13.7	0.3	0.3	13.7	15.1	0.0	5.0	1.0
P10518	13.7	0.0	0.0	0.3	0.3	0.0	8.7	6.0
Q62277	13.6	0.0	0.0	0.3	6.6	0.0	0.0	0.3
P62702	13.3	0.0	0.0	9.0	9.7	0.0	1.0	5.0
Q8K2B3	13.3	0.0	0.0	9.7	2.7	0.0	0.3	0.0
P63325	13.0	0.0	0.0	18.0	16.3	0.0	5.3	7.7
Q8K183	13.0	2.0	0.0	0.7	4.0	0.0	0.3	10.7
Q9DCJ9	13.0	0.0	0.0	2.7	0.0	0.0	15.0	14.0
P14873	12.8	0.0	0.0	8.9	7.2	0.0	0.0	0.3
P14231	12.7	0.0	0.0	2.0	1.7	0.0	0.0	0.0
P34057	12.7	0.0	0.0	3.3	1.0	0.0	0.0	0.0
P97427	12.7	0.0	0.0	9.8	13.5	0.0	2.3	4.2
Q93092	12.7	0.3	0.3	2.0	3.3	0.0	0.7	3.7
Q9WUL7	12.7	12.7	1.7	5.7	1.7	0.3	1.3	6.3
P63158	12.6	0.0	7.6	36.4	9.6	0.0	0.0	0.7
Q8K310	12.6	0.0	0.0	17.6	5.0	0.3	0.3	0.0
Q3TJL8	12.5	0.3	1.7	6.9	5.3	0.0	1.3	3.0
D3YYM6	12.3	0.0	0.0	21.0	22.0	0.0	1.7	3.0
P14069	12.3	1.7	0.7	6.0	0.0	0.0	0.7	5.3
P62320	12.3	0.0	0.0	6.0	17.3	0.0	2.0	1.0
Q60597-2	12.3	0.0	0.0	8.4	3.7	0.0	1.7	0.0
P50518	12.0	0.0	0.0	70.7	18.0	0.0	0.3	3.7
Q9Z130	11.7	0.0	1.0	13.1	2.5	0.0	0.0	0.0
Q9CZM2	11.7	0.0	0.0	4.0	5.0	0.0	1.7	0.0
O08810	11.6	0.0	0.2	8.3	4.5	0.0	8.0	6.0
P28236	11.6	0.0	0.0	1.7	0.0	0.0	2.0	0.0
Q921F2	11.6	0.0	0.0	12.2	9.2	0.0	3.3	0.0
Q9CR57	11.6	0.0	0.0	11.9	9.9	0.0	1.0	1.0
P31786	11.5	57.6	15.4	1.3	0.0	0.1	13.8	19.6
P50543	11.3	11.7	21.0	5.3	1.3	0.0	13.3	15.3
E9Q035	11.3	0.0	52.3	15.5	9.0	0.3	1.7	14.8
P63242	11.1	4.2	27.0	15.2	0.7	0.0	2.6	16.8
P27664	11.0	0.0	0.0	0.0	0.0	0.0	0.0	0.0
Q99KC8	11.0	0.0	0.0	0.7	4.7	0.0	3.3	4.7
O35381	11.0	0.0	9.0	1.0	2.3	0.0	0.3	10.3
O35643	11.0	0.0	0.0	18.3	3.7	0.0	0.0	0.0
O35639	10.6	14.2	2.0	0.0	0.0	0.0	0.7	7.6
P18760	10.5	6.6	30.1	9.3	10.5	2.9	2.9	5.7
P07724	10.3	0.3	169.3	97.3	79.0	18.0	12.0	83.3
P15116	10.3	0.0	0.3	0.0	0.0	0.0	0.3	0.0
P31648	10.3	0.0	0.0	4.3	5.7	0.0	0.3	0.0
P52785	10.3	0.0	0.0	1.0	0.0	0.0	0.0	0.0
P62774	10.3	13.7	15.0	0.3	0.3	0.0	2.0	8.3
Q60864	10.3	0.0	0.0	7.3	5.0	0.0	2.7	4.7
Q9CQ92	10.3	0.0	0.0	0.3	11.3	0.0	0.0	1.0
Q9CQ60	10.3	5.3	4.0	31.0	0.3	0.0	9.0	7.3
Q11011	10.2	0.0	1.3	3.0	3.6	0.0	6.3	5.0
E9Q7K1	10.0	6.3	3.7	2.7	0.0	0.0	0.3	1.7
P19783	10.0	0.0	0.0	0.0	3.3	0.0	0.0	0.0
Q9CR16	10.0	0.0	0.0	0.0	0.0	0.0	0.7	0.0
P56546-2	10.0	0.0	0.0	1.3	1.7	0.0	0.0	0.0
P14869	9.9	0.0	0.0	6.6	12.2	0.0	1.3	3.0
P99029-2	9.7	6.5	1.7	2.5	2.7	0.3	4.7	8.5
P09671	9.7	0.0	0.0	8.3	7.3	0.0	1.7	0.0
P97336	9.7	38.7	71.7	3.3	8.3	3.3	1.0	28.0
Q8C0C7	9.7	0.0	0.0	1.3	3.0	0.0	0.0	4.7
Q9D023	9.7	0.0	0.0	4.7	9.0	0.0	0.7	0.0
Q9DB05	9.7	0.0	0.0	5.3	4.8	0.0	5.2	1.5
Q9D8E6	9.6	0.0	0.0	6.6	1.3	0.0	0.7	0.0
P50247	9.6	0.0	0.0	2.3	1.7	0.0	1.3	3.6
Q8BG05-2	9.6	0.0	5.0	11.9	7.3	0.0	0.3	0.0
Q99020	9.6	0.0	1.3	14.8	5.0	0.0	0.0	0.0
A2A4X6	9.3	0.0	2.5	8.7	3.0	0.0	3.0	0.0
P26443	9.3	0.0	0.0	1.7	1.3	0.0	0.0	0.0
P47955	9.3	0.0	0.3	20.0	4.7	0.0	4.7	1.7
P62849-2	9.3	0.0	0.0	12.3	1.0	0.0	0.0	0.0
Q66VB7	9.3	0.0	0.0	2.3	0.0	0.0	4.7	51.7
Q99L43	9.3	0.0	0.0	0.0	0.7	0.0	0.0	0.0
Q9DCT2	9.3	0.0	0.0	1.7	2.0	0.0	0.0	0.0
Q9WVT6	9.3	0.0	0.0	0.0	10.0	0.0	0.0	1.0
Q76MZ3	9.2	0.0	0.0	13.5	10.9	0.0	6.3	4.6
P56391	9.0	0.0	0.0	0.0	0.0	0.0	1.7	0.0
P63044	9.0	0.0	0.0	11.3	19.0	0.3	0.0	0.0
Q3U0V1	9.0	0.0	0.0	3.3	2.3	0.0	0.3	0.0
P13707	8.9	0.2	0.0	0.3	0.3	0.0	5.0	3.9
Q9D6M3	8.9	0.0	0.0	0.0	0.3	0.0	0.3	0.0
P30275	8.8	0.0	0.0	13.0	2.3	0.0	0.0	0.0
P80318	8.6	0.0	0.0	5.6	5.3	0.0	2.0	6.3
O08528	8.5	0.0	0.0	10.1	8.9	0.1	0.1	0.2
P80316	8.3	0.0	0.0	3.3	1.0	0.0	2.3	2.0
Q3UIU2	8.3	0.0	0.0	0.0	1.0	0.0	0.0	1.0
Q61644	8.3	0.0	0.0	0.3	2.0	0.0	0.0	2.0
P47754	8.1	0.0	0.0	1.3	0.5	0.0	0.3	2.5
P16045	8.0	3.3	3.0	0.0	0.0	0.0	0.7	1.0
Q9Z1N5	8.0	0.0	1.7	26.0	3.0	0.0	0.3	0.0
P56399	8.0	0.0	0.0	2.7	1.3	0.0	2.0	4.7
Q8VIJ6	8.0	0.0	0.0	6.3	3.6	0.0	1.0	0.0
P12970	7.9	0.0	0.0	4.2	7.5	0.0	0.7	0.3
A3QM89	7.7	0.0	0.0	0.0	1.7	0.0	0.0	0.3
O88543	7.7	0.0	0.0	2.7	6.7	0.0	1.7	5.0
P28663	7.7	0.0	0.0	5.0	2.8	0.0	5.2	1.5
P38647	7.7	0.0	0.0	2.0	3.7	0.0	0.0	0.0
P47739	7.7	2.3	0.0	0.0	0.0	0.0	1.2	8.2
P56959	7.7	1.0	4.0	1.0	4.7	0.0	0.3	1.0
P68040	7.7	0.0	0.0	5.0	2.0	0.0	1.3	1.3
Q61206	7.7	0.0	6.0	14.0	4.0	0.0	1.0	3.7
Q9JMG7-2	7.7	0.3	1.3	0.0	0.3	0.0	0.0	0.0
Q9WUA3	7.6	0.0	0.0	0.1	6.7	0.0	0.3	1.2
Q32P00	7.6	1.0	0.0	3.6	0.0	0.0	3.0	0.0
P11798	7.4	0.0	2.6	14.8	7.9	0.0	4.7	0.7
O08749	7.3	0.0	0.0	0.7	8.0	0.0	0.3	0.0
P08030	7.3	0.0	0.0	11.7	0.0	0.0	3.3	10.0
P19096	7.3	0.0	0.0	9.0	2.0	0.0	1.3	4.7
P23440-2	7.3	0.0	0.0	0.0	0.0	0.0	0.0	0.0
P47963	7.3	0.0	0.0	4.7	1.3	0.0	0.3	0.0
Q6ZWN5	7.3	0.0	0.0	2.0	2.3	0.0	0.3	0.7
Q7TQI3	7.3	0.0	3.0	0.3	1.3	0.0	12.3	2.7
Q8BMF4	7.3	0.0	0.0	1.0	8.0	0.0	0.0	0.0
Q99JF8	7.3	0.0	1.7	3.0	1.7	0.0	0.0	0.0
Q9CZ04-2	7.3	0.0	0.0	4.3	0.0	0.0	0.0	5.0
Q9CZ30-2	7.3	0.0	0.0	5.0	2.7	0.0	1.0	3.3
Q8R5M8-2	7.3	0.0	0.0	1.3	0.0	0.0	0.0	0.0
Q61990-2	7.3	0.0	0.3	32.1	12.9	0.0	0.3	1.3
Q8C854-3	7.3	0.0	0.0	2.0	0.7	0.0	0.0	0.0
P62835	7.3	0.0	0.0	1.0	4.6	0.0	3.6	0.0
Q9CZX8	7.3	0.0	0.0	1.3	2.6	0.0	3.3	1.0
Q9JII6	7.2	5.9	4.9	10.9	3.3	0.0	1.8	5.9
Q3THH8	7.2	0.0	0.0	0.8	3.6	0.0	0.3	2.0
P62204	7.2	1.0	18.2	10.5	0.8	0.0	1.0	10.7
P63323	7.0	0.0	0.0	0.7	0.0	0.0	2.3	1.0
Q61735-2	7.0	0.0	0.0	2.0	1.0	0.0	1.0	0.0
Q80X80	7.0	0.0	0.0	12.3	7.7	0.0	0.0	0.0
Q91VA7	7.0	0.0	0.0	4.0	3.3	0.0	0.0	0.0
Q99LC3	7.0	0.0	0.0	1.7	3.7	0.0	9.7	0.0
Q9CQQ7	7.0	0.0	0.0	31.0	6.3	0.0	3.3	0.0
Q9Z2W0	7.0	0.0	0.0	3.3	9.0	0.0	3.3	3.7
O70133-2	6.9	0.0	0.0	17.8	8.6	0.3	0.0	0.0
P62274	6.9	0.0	0.0	1.3	1.0	0.0	0.0	1.0
Q9D2M8-2	6.9	0.3	0.0	6.5	0.3	0.0	1.6	7.5
O35295	6.7	0.0	0.0	2.7	2.7	0.0	1.3	0.7
Q62465	6.7	0.0	0.0	10.7	2.3	0.0	0.3	2.3
Q6P4T2	6.7	0.0	0.0	7.7	1.0	0.0	0.0	0.0
Q8K3J1	6.7	0.0	0.0	4.7	1.0	0.0	0.0	0.0
Q70IV5-2	6.6	0.0	0.0	0.0	0.0	0.0	0.0	0.0
Q8C8R3-4	6.6	0.0	0.0	1.9	0.3	0.0	3.5	0.1
Q8R1I1	6.3	0.0	0.0	0.0	2.7	0.0	0.0	0.0
O55100-2	6.0	0.0	0.0	0.7	3.3	0.0	0.0	0.3
P29974	6.0	0.0	0.0	0.0	0.0	0.0	0.0	0.0
P47911	6.0	0.0	0.0	24.0	1.0	0.0	0.7	0.3
P80314	6.0	0.0	0.0	8.7	5.0	0.0	3.0	2.7
P26638	6.0	0.0	0.0	17.3	4.6	0.0	5.9	3.0
O35129	5.9	0.0	0.0	13.9	6.6	0.0	1.3	0.0
Q9QYC0-2	5.8	0.0	0.0	8.8	4.0	0.0	3.0	0.7
O55022	5.7	0.0	0.0	1.3	1.3	0.0	0.0	0.0
P10922	5.7	0.0	0.0	5.7	12.7	0.0	0.0	0.0
P45376	5.7	4.7	1.3	2.7	3.7	0.7	2.3	6.7
Q06185	5.7	0.0	0.0	0.0	2.0	0.0	0.0	0.0
Q60605-2	5.7	0.0	0.0	1.3	2.3	0.0	12.3	3.7
Q78IK2	5.7	0.0	0.0	1.3	4.0	0.0	0.3	0.0
Q91VD9	5.7	0.0	0.0	0.3	4.7	0.0	0.0	0.0
Q91VI7	5.7	0.0	2.0	0.0	1.0	0.0	18.3	11.0
Q91WD9	5.7	0.0	0.0	6.0	3.7	0.0	0.7	0.7
Q9DC69	5.7	0.0	0.0	14.7	4.7	0.0	0.7	0.0
Q9DCS9	5.7	0.0	0.0	0.3	0.3	0.0	0.0	0.0
P70333	5.7	0.0	0.0	5.6	8.2	0.0	0.0	0.0
P02535-2	5.6	22.5	19.9	13.2	11.0	21.6	1.0	7.6
Q9Z2I9	5.6	0.0	0.0	3.3	2.0	0.0	0.7	0.0
Q99JY9	5.6	0.0	0.0	15.5	1.3	0.0	1.0	2.6
Q3TEA8-2	5.6	0.0	0.0	34.0	18.8	0.0	0.7	0.0
P62908	5.6	0.0	0.0	0.3	5.6	0.0	2.0	2.9
A8DUK4	5.5	2.4	3.0	7.0	12.8	1.8	1.1	2.2
D3YYY1	5.3	0.0	5.0	0.0	0.7	0.7	4.0	29.0
E9PZP8	5.3	19.3	5.0	3.3	0.3	0.3	4.0	5.0
P14131	5.3	0.0	0.0	2.0	24.7	0.0	0.7	1.0
P20108	5.3	0.0	0.0	1.3	3.0	0.0	0.0	0.0
P42669	5.3	0.0	0.0	4.7	9.0	0.0	2.0	3.3
P51859	5.3	1.7	1.0	1.3	1.3	0.0	0.0	0.7
Q3TFD0	5.3	37.0	7.3	2.0	1.0	1.3	2.7	6.0
O88844	5.3	0.0	0.3	11.7	5.3	0.0	1.0	1.6
P68181-2	5.3	0.0	0.0	5.3	6.9	0.0	2.0	1.0
G5E829	5.3	0.0	0.0	1.0	7.3	0.0	0.0	0.0
P10852	5.3	0.0	0.0	14.9	10.2	0.0	0.7	0.0
Q62048	5.3	9.6	15.2	1.7	0.0	0.0	6.9	8.6
Q9CPV4-2	5.3	0.3	3.3	2.3	0.7	0.0	4.0	2.6
Q91WC3-2	5.2	0.0	0.0	0.0	2.0	0.0	0.0	0.0
P13020-2	5.2	0.0	0.6	0.7	0.9	0.0	0.5	4.5
Q08331	5.2	1.0	12.0	2.8	7.8	0.0	2.7	11.0
P51855	5.1	0.6	0.3	2.3	0.9	0.0	1.1	3.1
Q8R081	5.1	0.0	0.1	3.5	1.2	0.0	0.9	0.0
P12787	5.0	0.0	0.0	3.0	1.3	0.0	0.0	0.0
Q8BG39	5.0	0.0	0.0	0.0	2.3	0.0	0.0	0.0
Q8BGN8-2	5.0	0.0	0.0	0.3	4.0	0.0	0.0	0.0
Q9D819	5.0	0.0	0.3	0.0	0.0	0.0	0.7	1.7
O35600	5.0	0.0	0.0	2.7	0.0	0.0	0.0	0.0
Q9R0P3	5.0	0.0	0.7	5.9	0.7	0.0	2.3	4.9
Q9D0E1-2	4.9	0.0	0.0	6.6	6.9	0.0	0.0	0.0
P60766-1	4.7	0.0	0.0	1.4	2.7	0.0	0.3	0.0
P10639	4.7	6.3	11.0	0.0	0.0	0.0	0.0	5.7
P63028	4.7	1.7	15.7	10.0	3.7	0.0	3.3	7.0
P97370	4.7	0.0	0.0	1.7	11.3	0.0	1.0	0.0
Q8R1W8-2	4.7	0.0	0.0	0.0	0.7	0.0	0.0	0.0
Q91V61	4.7	0.0	0.0	3.0	4.3	0.0	0.0	0.0
Q91WD5	4.7	0.0	0.0	0.0	0.0	0.0	0.0	0.0
Q9CZB0	4.7	0.0	0.0	0.0	1.7	0.0	0.0	3.3
Q9DB77	4.7	0.0	0.0	0.3	4.7	0.0	0.0	0.0
Q9WVB6	4.7	0.0	0.0	0.0	0.0	0.0	0.0	0.0
Q61301-2	4.6	0.0	0.0	0.0	0.0	0.0	1.3	0.0
Q6P1F6	4.6	2.3	0.7	2.0	4.3	0.0	2.6	3.6
Q9R1P0	4.6	0.0	0.0	1.7	2.0	0.0	0.7	7.6
Q62188	4.5	0.0	0.0	20.2	13.1	0.0	2.3	0.5
P09405	4.4	0.0	0.0	3.3	4.2	0.0	0.9	0.3
D3YWT1	4.3	0.0	0.0	0.0	0.0	0.0	0.0	0.0
O08585	4.3	0.0	0.0	0.0	0.3	0.0	2.7	1.0
O09131	4.3	2.0	9.0	7.3	1.3	0.0	2.7	10.0
P32067	4.3	0.0	0.0	1.3	7.0	0.0	0.0	0.0
P60229	4.3	0.0	0.0	2.0	1.0	0.0	0.0	0.7
Q810U4-2	4.3	0.0	0.0	9.0	0.7	0.0	0.0	0.0
Q8BVE3	4.3	0.0	0.0	0.0	6.7	0.0	0.0	0.0
Q8QZT1	4.3	0.0	0.0	0.3	3.3	0.0	0.0	0.0
Q921T2-2	4.3	0.0	0.0	0.3	1.3	0.7	0.3	4.7
Q99LT0	4.3	0.0	0.0	19.0	0.0	0.0	0.0	0.7
Q9DB34	4.3	0.0	0.0	0.0	0.0	0.0	0.3	1.7
Q9JJC6	4.3	0.0	0.0	0.0	0.0	0.0	0.0	0.0
Q8BP67	4.3	0.0	0.0	5.3	2.3	0.0	0.3	0.0
Q6P5F9	4.3	0.0	0.0	3.0	5.0	0.0	0.0	1.0
P62242	4.3	0.0	0.0	1.0	6.6	0.0	0.0	0.7
Q62433	4.3	0.0	0.0	7.3	1.0	0.0	2.6	2.0
Q8BG51-2	4.3	0.0	0.0	0.7	1.3	0.0	0.0	0.0
A0ZNJ3	4.1	-8.1	-2.6	10.4	2.1	0.0	1.1	1.4
Q9WV55	4.0	0.0	0.0	0.0	0.0	0.0	0.0	0.0
O54734	4.0	0.0	0.0	1.7	2.0	0.0	0.0	0.0
P23116	4.0	0.0	0.0	0.3	3.3	0.0	0.0	3.7
P29758	4.0	0.0	0.0	4.0	5.3	0.0	2.0	0.0
P62897	4.0	0.0	0.0	0.3	1.0	0.0	0.0	0.0
Q61012	4.0	0.0	0.0	0.0	0.0	0.0	0.0	0.0
Q6P069-2	4.0	0.3	0.0	1.0	0.0	0.0	0.0	3.0
Q80TB8	4.0	0.0	0.0	19.0	2.7	0.0	0.3	1.0
Q91YT0	4.0	0.0	0.0	0.3	0.7	0.0	0.0	0.0
Q99KB8-2	4.0	0.3	1.3	0.0	0.0	0.0	0.0	3.0
Q99PT1	4.0	1.0	4.3	4.0	1.3	0.0	0.3	2.7
Q9CQA3	4.0	0.0	0.0	0.0	0.3	0.0	0.0	0.0
Q9CZ42-2	4.0	0.0	0.0	0.0	0.0	0.0	0.0	2.3
Q9CZC8	4.0	0.0	1.7	0.3	5.0	0.0	1.7	3.7
Q9D394-2	4.0	0.0	0.0	1.0	0.0	0.0	2.3	1.3
Q9EQU5-2	4.0	0.0	0.0	14.3	0.0	0.0	0.0	4.3
Q9JM76	4.0	0.0	0.0	2.3	1.3	0.0	0.7	1.7
Q9R1C6	4.0	0.0	0.0	0.0	1.0	0.0	0.0	0.0
P17563	4.0	0.0	1.3	0.7	0.7	0.0	0.0	0.7
P59999	4.0	0.0	0.0	0.0	1.7	0.0	6.3	1.0
P45591	3.9	3.1	5.9	2.4	2.1	0.4	0.1	2.3
P80317	3.8	0.0	0.0	1.3	0.3	0.0	1.0	0.9
P42932	3.8	0.0	0.0	1.5	1.1	0.0	0.6	1.5
O35343	3.7	0.0	0.0	8.0	0.0	0.0	0.0	1.3
O35683	3.7	0.0	0.0	0.3	0.7	0.0	0.0	2.0
O88456	3.7	0.0	0.0	4.7	0.0	0.0	0.0	4.3
P35803-2	3.7	0.0	0.0	0.0	3.0	0.0	0.0	0.0
P42125	3.7	0.0	0.0	12.3	2.3	0.0	0.0	0.0
P61079	3.7	0.0	0.3	0.7	0.0	0.0	2.3	2.3
P61164	3.7	0.0	0.0	7.7	6.7	0.0	0.0	0.0
Q3U5M8	3.7	0.0	0.0	8.0	0.3	0.0	1.0	3.0
Q8BMK4	3.7	0.0	0.0	3.7	6.0	0.0	0.0	0.0
Q8K0U4	3.7	0.0	0.0	6.0	3.0	0.0	0.0	0.0
Q91YX5	3.7	0.0	0.0	0.0	0.0	0.0	0.0	0.0
Q9D051	3.7	0.0	0.0	1.7	5.7	0.0	0.0	0.0
Q9DBC7	3.7	0.0	0.0	0.0	0.3	0.0	0.7	2.0
Q9R0Y5-2	3.7	1.7	2.7	0.7	1.3	0.0	12.0	3.0
Q9R1T2-2	3.7	0.0	0.0	0.3	0.3	0.0	0.0	0.0
Q9WUA2	3.7	0.0	0.0	2.0	1.3	0.0	0.3	1.3
Q61147	3.6	0.0	0.0	0.7	3.3	0.0	0.0	0.0
Q8BPF4	3.6	2.1	3.4	3.9	9.2	3.7	0.8	1.2
Q61011	3.5	0.0	0.0	5.9	6.6	0.0	0.2	0.0
P07356	3.5	0.0	1.8	0.7	2.5	0.3	0.4	0.0
P61979-2	3.4	0.0	0.3	5.1	4.0	0.0	0.5	0.4
O88712-2	3.4	0.0	0.0	3.2	0.0	0.0	1.1	2.0
O35633-2	3.3	0.0	0.0	2.0	0.7	0.0	0.0	0.0
O54983	3.3	0.0	26.3	34.7	56.3	0.0	0.7	7.7
P00493	3.3	0.0	0.7	10.0	9.3	0.0	0.0	0.7
P10493	3.3	0.0	0.0	1.0	2.3	0.0	0.0	0.0
P40124	3.3	0.0	0.0	10.7	0.0	0.0	0.0	0.7
P47738	3.3	0.0	0.0	0.7	3.7	0.0	0.0	0.0
P80315	3.3	0.0	0.0	9.3	4.0	0.0	0.3	3.7
Q6A4J8-2	3.3	0.0	0.0	0.0	0.3	0.0	0.0	0.3
Q8BZF8	3.3	0.0	0.0	3.0	0.0	0.0	0.0	1.5
Q8QZS1	3.3	0.0	0.0	0.0	0.0	0.0	0.0	0.0
Q8QZY1	3.3	0.0	0.0	2.3	0.0	0.0	0.0	1.3
Q91V12-2	3.3	0.0	0.0	5.7	4.3	0.0	2.0	1.7
Q91WK5	3.3	0.0	0.0	0.0	0.0	0.0	0.0	0.0
Q9D517	3.3	0.0	0.0	3.0	0.0	0.0	0.0	0.0
Q9QUM9	3.3	0.0	0.0	0.7	0.3	0.0	0.3	0.3
Q7TNV0	3.3	0.0	0.0	0.3	0.7	0.0	0.0	0.0
Q91VM5	3.3	0.0	0.0	2.6	5.6	0.0	0.0	0.0
P43275	3.2	0.0	0.0	20.4	12.7	0.0	0.4	0.0
Q02248	3.1	0.0	0.0	3.8	0.3	0.0	0.4	0.0
E1AZ71	3.0	0.0	0.0	3.0	0.0	0.0	0.0	0.0
O70172	3.0	0.0	0.0	9.7	0.7	0.0	5.0	0.3
P14206	3.0	0.0	0.0	21.3	7.0	0.0	0.3	2.0
P28352	3.0	0.0	0.7	9.7	3.7	0.0	0.0	0.0
P47962	3.0	0.0	0.0	3.0	1.3	0.0	0.0	0.0
P51863	3.0	0.0	0.0	0.3	3.0	0.0	0.0	0.0
P58389	3.0	0.0	0.3	0.3	2.0	0.0	1.7	1.0
P85094	3.0	0.0	0.0	1.0	0.0	0.0	0.0	0.0
Q00915	3.0	10.0	26.0	5.0	1.0	0.0	0.7	9.3
Q3UM45	3.0	0.0	0.7	1.0	0.3	0.0	0.7	1.3
Q78PY7	3.0	0.0	0.0	0.3	0.0	0.0	0.0	0.0
Q8BFZ9	3.0	0.0	0.0	0.7	0.7	0.0	0.0	0.0
Q8BIS8	3.0	0.0	0.0	0.0	0.0	0.0	0.0	0.0
Q8BLS7	3.0	0.3	15.0	16.0	4.0	0.0	0.0	2.0
Q8BXK9	3.0	0.0	0.0	0.0	0.0	0.0	0.0	0.3
Q920I9-2	3.0	0.0	0.0	0.0	0.0	0.0	0.0	0.0
Q99KK2	3.0	0.0	0.0	12.3	1.7	0.0	0.0	0.3
Q9CPY7-2	3.0	0.0	0.0	1.7	0.0	0.0	0.0	1.0
Q9CZD3	3.0	0.0	0.0	1.0	4.0	0.0	0.0	1.0
Q9D0M5	3.0	0.7	2.0	2.0	2.3	0.0	10.0	4.7
Q9D8N0	3.0	0.0	0.0	15.0	1.7	0.0	0.7	1.7
Q9R0Q9	3.0	0.0	0.0	0.0	1.0	0.0	0.0	0.0
Q9Z204-2	3.0	0.0	0.0	17.7	2.7	0.0	0.0	0.0
Q8VDD5	3.0	0.0	0.0	1.6	22.0	0.3	1.0	1.3
Q9JM62	3.0	0.0	0.0	0.0	0.3	0.0	0.0	0.0
Q9DBF1-2	3.0	0.0	0.0	0.0	0.3	0.0	0.7	1.7
P30677	3.0	0.0	0.0	4.3	1.0	0.0	2.6	0.0
P53986	3.0	0.0	0.0	0.0	0.0	0.0	0.0	0.0
P67778	3.0	0.0	0.0	1.7	3.6	0.0	0.0	0.0
Q99K48	3.0	0.0	0.0	5.0	3.0	0.0	0.0	0.0
Q61548-2	2.8	0.0	0.0	1.8	7.5	0.0	1.2	0.7
Q7M6Y3-2	2.8	0.0	0.0	2.2	6.2	0.0	1.2	0.7
P12658	2.8	1.0	6.2	1.5	4.1	0.0	0.3	2.0
Q3ULJ0-2	2.7	0.2	0.0	0.7	0.3	0.0	3.0	2.1
O88746	2.7	0.0	0.0	6.3	0.3	0.0	0.0	0.0
P21279	2.7	0.0	0.0	5.0	1.0	0.0	0.3	0.0
P35486	2.7	0.0	0.0	0.7	0.7	0.0	0.0	0.0
P62751	2.7	0.0	0.0	0.0	2.7	0.0	4.0	0.0
P62852	2.7	0.0	0.0	0.7	4.7	0.0	0.0	1.3
P63321	2.7	0.0	0.0	0.0	0.3	0.0	0.0	0.0
P84075	2.7	0.0	0.0	0.0	2.3	0.0	2.7	0.0
P97807-2	2.7	0.0	0.0	1.3	1.0	0.0	0.0	0.0
Q3TFD2-2	2.7	0.0	0.0	0.7	0.0	0.0	0.0	0.0
Q64511	2.7	0.0	0.0	5.7	4.3	0.0	0.0	0.0
Q8BH44	2.7	0.0	0.0	0.0	0.0	0.0	0.0	1.0
Q8CDN6	2.7	0.7	1.0	2.0	0.7	0.0	0.0	1.3
Q8CHC4	2.7	0.0	0.0	0.0	1.3	0.0	0.0	0.0
Q8CJ40-2	2.7	0.0	0.0	0.0	1.0	0.0	0.0	0.0
Q8K1M3	2.7	0.0	0.0	1.7	0.7	0.0	2.0	0.0
Q8R1Q8	2.7	0.0	0.0	2.7	2.3	0.0	0.0	0.0
Q8VDP6	2.7	0.0	0.0	0.0	1.0	0.0	0.3	0.0
Q9CXY6	2.7	0.0	0.0	4.3	7.7	0.0	0.0	0.0
Q9D855	2.7	0.0	0.0	1.0	0.0	0.0	0.0	0.0
Q9DC70	2.7	0.0	0.0	0.0	4.3	0.0	0.0	0.0
Q9JIS5	2.7	0.0	0.0	8.7	4.7	0.7	0.0	0.0
Q9R1P3	2.7	0.0	0.0	8.3	0.0	0.0	0.0	1.3
Q9Z2R6	2.7	0.0	0.0	0.0	0.0	0.0	0.0	0.0
P54822	2.6	0.0	0.0	1.3	1.0	0.0	0.3	1.3
P97351	2.6	0.0	0.0	0.3	0.3	0.0	0.3	0.0
Q4VA93	2.6	0.0	0.0	12.0	3.0	0.0	0.0	0.0
Q8K1M6-2	2.6	0.0	0.0	2.0	0.3	0.0	0.0	0.0
P25444	2.5	0.0	0.0	1.7	2.8	0.0	0.6	1.3
P48722-2	2.4	0.0	0.0	0.4	4.0	0.0	1.1	0.6
B1AXF2	2.3	0.0	0.0	0.0	0.0	0.0	0.0	0.0
O55126	2.3	0.0	0.0	3.7	0.3	0.0	0.0	0.0
O70492	2.3	0.0	0.0	4.3	0.0	0.0	0.3	2.0
P19536	2.3	0.0	0.0	0.0	0.0	0.0	0.0	0.0
P24527	2.3	0.0	0.7	5.0	2.3	0.0	0.0	0.3
P26369	2.3	0.0	0.0	7.7	0.0	0.0	0.0	0.0
P48758	2.3	1.0	0.7	8.0	1.7	0.0	0.7	2.7
P57759	2.3	0.0	0.3	5.3	0.7	0.0	1.3	0.0
P61089	2.3	0.0	0.7	0.0	2.0	0.0	0.3	3.3
P62965	2.3	1.0	0.0	0.3	0.0	0.0	0.0	1.0
Q3TXX4	2.3	0.0	0.0	0.0	0.0	0.0	0.0	0.0
Q62376-2	2.3	0.0	0.0	7.7	0.0	0.0	0.0	0.0
Q6PFR5	2.3	0.0	0.0	1.0	0.0	0.0	0.0	0.0
Q8BVQ5	2.3	0.0	0.0	18.0	0.0	0.0	0.3	0.3
Q8R191	2.3	0.0	0.0	0.0	2.3	0.0	0.0	0.0
Q91YQ5	2.3	0.0	0.0	0.7	1.0	0.0	0.0	0.0
Q99JB2	2.3	0.0	0.0	0.0	0.0	0.0	0.0	0.0
Q99L47	2.3	0.0	0.0	1.0	2.0	0.0	0.0	1.0
Q9CPP6	2.3	0.0	0.0	0.0	0.0	0.0	0.3	0.0
Q9CQ65	2.3	0.0	0.3	0.0	0.0	0.0	0.0	1.3
Q9D2G2-2	2.3	0.0	0.0	1.7	0.3	0.0	0.7	0.0
Q9DBE8	2.3	0.0	0.0	0.0	0.3	0.0	0.0	0.0
Q9JKD3	2.3	0.0	0.0	0.0	0.3	0.0	0.0	0.0
Q9QZ06	2.3	0.0	0.0	0.0	0.7	0.0	0.0	0.7
Q9R0U0-2	2.3	0.0	0.0	2.3	0.0	0.0	0.0	0.0
Q9Z273	2.3	0.0	0.0	0.7	0.0	0.0	0.0	0.0
P70372	2.3	0.0	0.0	1.0	3.6	0.0	0.0	0.0
Q9Z1Q9	2.3	0.0	0.0	4.0	1.3	0.0	0.0	2.6
P49312	2.3	0.0	12.3	5.1	4.1	0.0	0.0	0.0
Q91VR2	2.1	0.0	0.1	1.2	0.9	0.0	0.3	0.0
O35927-2	2.0	0.0	0.0	0.0	2.7	0.0	0.0	0.0
O55057	2.0	0.7	0.0	0.0	0.0	0.0	0.0	0.0
P06801	2.0	0.0	0.0	1.0	2.3	0.0	0.0	0.3
P14115	2.0	0.0	0.0	1.0	5.3	0.0	0.0	0.0
P55088-2	2.0	0.0	0.0	0.0	0.0	0.0	2.7	0.0
P61264	2.0	0.0	0.0	0.0	6.0	0.0	0.0	0.0
P61971	2.0	0.0	0.0	0.0	0.0	0.0	0.0	1.0
P62743	2.0	0.0	0.0	0.0	0.3	0.0	0.0	0.0
P62858	2.0	0.0	3.7	0.0	3.3	0.0	0.0	1.0
Q5M8N0	2.0	0.0	0.0	0.0	0.0	0.0	3.7	0.0
Q61425	2.0	0.0	0.0	0.3	0.3	0.0	0.0	0.0
Q61543	2.0	0.0	0.0	1.3	0.0	0.0	0.0	0.0
Q62108-2	2.0	0.0	0.0	0.0	0.0	0.0	0.0	0.0
Q80TL0	2.0	0.0	0.0	9.0	1.0	0.0	0.3	0.0
Q810U3	2.0	0.0	0.0	0.3	0.0	0.0	0.0	0.0
Q8BFR5-2	2.0	0.0	0.0	0.0	4.3	0.0	0.0	0.0
Q8BGH2	2.0	0.0	0.0	0.0	0.0	0.0	0.0	0.0
Q8BWF0	2.0	0.0	0.0	1.3	1.7	0.0	0.0	0.0
Q8CGC7	2.0	0.0	0.0	1.0	0.0	0.0	0.3	0.0
Q8JZN5	2.0	0.0	0.0	2.7	0.0	0.0	0.0	0.0
Q8K4Z3	2.0	0.0	1.7	0.7	1.3	0.0	0.3	0.7
Q99JR5	2.0	0.0	0.0	0.0	0.0	0.0	0.0	0.0
Q99L45	2.0	0.0	0.0	0.0	0.0	0.0	0.0	0.7
Q9CPQ3	2.0	0.0	0.0	1.0	0.0	0.0	0.7	0.0
Q9CQ89	2.0	0.0	2.0	0.0	0.0	0.0	0.0	0.0
Q9D1K2	2.0	0.0	0.0	0.3	0.0	0.0	0.0	0.0
Q9D1X0	2.0	0.0	0.0	0.0	0.0	0.0	4.3	0.3
Q9D8B4	2.0	0.0	0.0	0.0	0.0	0.0	0.3	2.0
Q9JMF3	2.0	0.0	0.0	0.0	0.7	0.0	0.0	0.0
Q9WV34-2	2.0	0.0	0.0	0.0	3.7	0.0	0.0	0.0
Q91W90	2.0	0.0	0.0	2.3	0.0	0.0	0.0	0.0
Q00612	2.0	0.0	0.0	8.9	0.0	0.0	0.0	2.3
Q64310	2.0	0.0	0.0	0.7	0.0	0.0	0.0	0.0
Q9CPQ8	2.0	0.0	0.0	0.3	6.9	0.0	0.0	0.0
A0ZNJ2	2.0	0.0	0.0	1.3	0.3	0.0	0.0	0.0
O70325-2	2.0	1.7	0.0	1.0	0.0	0.0	0.3	0.7
P62869	2.0	0.0	0.0	0.0	0.0	0.0	0.0	0.0
O55131	2.0	0.0	0.0	0.3	0.7	0.0	1.3	0.3
P70288	2.0	0.0	0.0	8.0	0.0	0.0	0.0	0.0
Q8VH51-2	2.0	0.0	0.0	2.3	2.6	0.0	0.0	0.0
Q99MN1	2.0	0.0	0.0	1.0	0.0	0.0	1.7	1.3
P29341	1.7	0.0	0.0	2.9	0.6	0.0	0.0	0.0
O08788-2	1.7	0.0	0.0	0.0	0.7	0.0	0.3	0.0
O35599	1.7	0.0	0.0	0.7	0.0	0.0	0.0	0.0
O88342	1.7	0.0	0.0	0.7	1.0	0.0	0.0	2.3
P03930	1.7	0.0	0.0	1.7	4.7	0.0	1.3	0.0
P12660	1.7	5.0	6.0	1.0	1.0	0.0	0.7	0.7
P35980	1.7	0.0	0.0	4.7	9.0	0.0	0.3	0.0
P51491	1.7	0.0	0.0	0.0	0.7	0.0	0.0	0.0
P55096	1.7	0.0	0.0	1.7	0.7	0.0	0.0	0.0
P56212-2	1.7	0.3	0.7	0.0	0.0	0.0	0.0	0.0
P61161	1.7	0.0	0.0	0.3	0.3	0.0	0.0	0.0
P62082	1.7	0.0	0.0	17.7	7.3	0.0	8.3	1.0
P63005-2	1.7	0.0	0.0	1.7	0.7	0.0	1.7	1.3
P70349	1.7	2.7	5.3	2.7	1.3	1.0	0.0	2.0
P70404	1.7	0.0	0.0	0.0	0.3	0.0	0.0	0.0
Q505B7-2	1.7	0.3	0.0	0.0	0.0	0.0	0.0	1.3
Q62422	1.7	0.0	2.3	0.0	0.0	0.0	0.0	0.3
Q6ZPJ3	1.7	0.0	0.0	1.3	0.7	0.0	1.7	0.7
Q6ZWV3	1.7	0.0	0.0	3.7	3.7	0.0	0.0	0.0
Q80UU9	1.7	0.0	0.0	0.0	0.0	0.0	0.0	0.0
Q8K2C9	1.7	0.0	0.0	0.0	1.7	0.0	0.0	0.0
Q91VR5	1.7	0.0	0.0	5.0	1.3	0.0	0.0	0.0
Q99NB9	1.7	0.0	0.0	37.0	0.3	0.0	0.3	0.0
Q9CQE8	1.7	0.0	0.0	4.0	2.0	0.0	0.0	0.0
Q9CR00	1.7	0.0	0.3	0.0	0.0	0.0	0.0	0.0
Q9CR51	1.7	0.0	0.0	1.3	0.3	0.0	0.0	0.0
Q9CRB6	1.7	12.7	4.7	0.3	1.3	0.0	0.3	1.0
Q9CWJ9	1.7	0.0	0.0	6.7	0.0	0.0	0.3	2.7
Q9D0K2	1.7	0.0	0.0	6.0	1.7	0.0	0.0	0.0
Q9DCD0	1.7	0.0	0.7	1.7	2.7	0.0	1.3	1.0
Q9JIF7	1.7	0.0	0.0	1.7	1.3	0.0	0.7	0.3
Q9QUI0	1.7	0.0	0.0	2.7	1.3	0.3	0.7	0.3
Q9R0N0	1.7	0.0	0.7	3.0	0.0	0.0	0.0	0.0
Q5FWK3	1.7	0.0	0.0	0.0	3.3	0.0	1.0	0.0
Q80XN0	1.7	0.0	0.0	29.3	0.7	0.0	0.0	0.0
O08583-2	1.7	0.0	0.0	2.0	0.0	0.0	0.0	0.0
Q8CCS6-2	1.7	0.0	0.0	1.0	0.0	0.0	0.3	0.0
Q9CQ54	1.7	0.0	0.0	1.7	0.0	0.0	0.3	0.0
Q9Z2U1	1.7	0.0	0.0	0.0	0.0	0.0	0.0	0.0
P57776-3	1.7	0.0	0.0	5.6	1.3	0.0	0.0	0.3
P61358	1.7	0.0	0.0	0.7	1.7	0.0	0.0	0.7
Q9Z0S1	1.7	5.0	1.0	26.1	0.0	0.0	1.0	6.6
Q8BTM8	1.6	0.0	0.0	0.0	4.6	0.0	0.0	0.0
Q924N4	1.6	0.0	0.0	3.1	2.9	0.0	0.2	0.0
Q91V92	1.6	0.0	0.0	0.5	2.8	0.0	0.1	0.3
P47753	1.5	0.0	0.0	1.0	0.5	0.0	0.3	0.8
Q3U8W9	1.4	0.0	0.0	1.5	2.5	0.0	0.0	0.0
I6L9E6	1.3	0.0	0.0	0.3	0.7	0.0	0.0	0.0
O09061	1.3	0.0	0.0	21.7	0.3	0.0	0.3	0.7
O35098-2	1.3	0.0	0.0	5.7	8.3	0.0	0.0	0.0
P10637-2	1.3	0.0	0.0	0.7	0.7	0.0	0.0	0.3
P34022	1.3	0.0	0.0	0.0	0.3	0.0	0.0	0.0
P47708	1.3	0.0	0.0	0.3	0.0	0.0	0.0	0.0
P47757-2	1.3	0.0	0.0	0.3	1.3	0.0	0.0	0.0
P50096	1.3	0.0	0.0	5.7	0.7	0.0	0.0	0.0
P50580	1.3	0.0	0.0	0.3	0.0	0.0	0.3	0.7
P62267	1.3	0.0	0.0	9.0	2.7	0.0	0.3	0.7
P62305	1.3	0.0	0.0	4.3	7.3	0.0	0.3	0.0
P62761	1.3	0.0	0.0	1.0	3.3	0.0	0.0	0.0
P62830	1.3	0.0	0.0	0.3	1.7	0.0	0.0	0.0
P63328-2	1.3	0.0	0.0	6.3	0.5	0.0	0.0	0.3
P97494	1.3	0.0	0.0	2.3	0.0	0.0	0.0	1.3
P99027	1.3	0.0	0.0	16.0	0.0	0.0	0.3	0.7
Q00PI9	1.3	0.0	0.0	1.7	2.0	0.0	0.0	0.0
Q3TDQ1	1.3	0.0	0.0	1.3	0.0	0.0	0.0	0.0
Q3TES0	1.3	0.0	0.0	1.0	0.3	0.0	0.0	0.0
Q3THE2	1.3	0.0	0.0	0.7	0.7	0.0	0.0	0.0
Q3USJ1	1.3	7.7	0.0	0.3	0.0	0.0	3.7	0.0
Q61001	1.3	0.0	0.0	1.0	15.6	0.0	0.3	0.0
Q61205	1.3	0.0	0.7	7.3	1.7	0.0	0.7	1.7
Q61474	1.3	0.0	0.0	9.0	0.0	0.0	0.0	0.0
Q62186	1.3	0.0	0.0	7.0	0.7	0.0	0.3	0.0
Q62446	1.3	0.0	1.0	0.0	0.0	0.0	0.0	1.0
Q64521	1.3	0.0	0.0	0.3	0.0	0.0	0.0	0.0
Q6IRU5-2	1.3	0.0	0.0	0.0	0.0	0.0	0.0	0.0
Q6NTA4	1.3	0.0	0.0	0.3	0.0	0.0	0.0	1.7
Q80U28-14	1.3	0.0	0.0	0.0	0.0	0.0	0.0	0.0
Q8BIJ6	1.3	0.0	0.0	0.0	1.0	0.0	0.0	0.0
Q8CG76	1.3	0.0	0.0	1.3	1.3	0.0	0.3	0.3
Q8VBV7	1.3	0.0	0.0	0.0	0.0	0.0	0.0	0.0
Q921F4	1.3	0.0	0.0	2.3	0.0	0.0	0.0	0.0
Q925N0	1.3	0.0	0.0	0.3	0.0	0.0	0.0	0.0
Q9CS42	1.3	0.0	0.0	0.0	0.0	0.0	0.3	0.0
Q9CY27	1.3	0.0	0.0	0.0	0.0	0.0	0.3	0.0
Q9D5V5	1.3	0.0	0.0	0.0	0.3	0.0	0.0	0.0
Q9DAR7	1.3	0.0	0.0	0.0	3.3	0.0	0.0	0.3
Q9DAW9	1.3	0.0	0.0	0.0	0.3	0.0	0.3	0.0
Q9EPL8	1.3	0.0	0.0	3.0	0.3	0.0	0.0	2.0
Q9QYB5-2	1.3	0.0	0.0	5.7	0.0	0.0	0.0	0.0
Q9WVL4	1.3	0.0	0.7	11.7	2.3	0.0	0.0	0.0
Q9Z2U0	1.3	0.0	0.0	1.7	0.7	0.0	0.0	1.0
P53994	1.3	0.0	0.0	0.7	8.3	0.0	0.7	0.0
G3UXX3	1.3	0.0	1.0	0.0	0.3	0.0	0.3	2.3
O35344	1.3	0.0	0.0	0.0	0.0	0.0	0.0	0.0
P03921	1.3	0.0	0.0	5.9	0.3	0.0	0.0	0.0
Q3TXS7	1.3	0.0	0.0	0.0	0.3	0.0	0.0	0.0
Q61029-2	1.3	0.0	0.0	0.3	0.0	0.0	0.0	0.0
Q62318	1.3	0.0	0.0	1.3	2.6	0.0	0.7	0.3
Q64704-2	1.3	0.0	0.0	0.3	0.7	0.0	0.0	0.0
Q6WVG3	1.3	0.0	0.0	0.0	0.0	0.0	0.3	0.7
Q791V5	1.3	0.0	0.0	1.7	1.0	0.0	0.7	0.0
Q7TQF7	1.3	0.0	0.0	0.0	1.0	0.0	0.0	0.3
Q8BHN3-2	1.3	0.0	0.0	12.2	0.3	0.0	0.0	0.0
Q8R0Y6	1.3	0.0	0.0	1.7	0.3	0.0	0.0	0.0
Q9CXW4	1.3	0.0	0.0	1.0	6.6	0.0	0.0	0.3
Q9ERK4	1.3	0.0	0.0	8.9	0.0	0.0	0.7	1.0
Q9WV92-2	1.3	0.0	0.0	0.3	2.7	0.0	3.7	0.0
Q9Z218	1.3	0.0	0.0	1.3	0.0	0.0	0.0	0.0
Q9QY76	1.3	0.0	0.0	0.0	0.0	0.0	0.0	0.0
Q8VDM4	1.3	0.0	0.0	7.6	1.0	0.0	0.3	0.3
Q9CQN1	1.3	0.0	0.2	7.1	1.1	0.0	0.0	2.3
Q9QYB8-2	1.1	0.0	0.0	0.2	0.0	0.0	0.7	0.0
Q61699-2	1.1	0.0	0.0	0.8	0.3	0.0	0.1	0.6
O08848	1.0	0.0	0.0	0.0	1.0	0.0	0.0	0.0
O35857	1.0	0.0	0.0	0.0	0.0	0.0	0.0	0.0
O54751	1.0	0.0	0.0	0.3	1.3	0.0	0.0	0.0
O70443	1.0	0.0	0.0	0.0	0.3	0.0	0.0	0.0
P12815-2	1.0	0.0	0.0	0.0	0.3	0.0	0.0	0.0
P24288	1.0	0.0	0.0	0.0	1.0	0.0	0.3	2.0
P36993-2	1.0	0.0	0.0	1.0	0.0	0.0	0.0	0.0
P45952	1.0	0.0	0.0	1.3	0.0	0.0	0.0	0.0
P46414	1.0	0.0	0.0	0.0	0.0	0.0	0.0	0.0
P46471	1.0	0.0	0.0	1.0	0.3	0.0	0.0	0.0
P47199	1.0	0.0	0.0	0.0	0.0	0.0	0.7	1.0
P61148	1.0	2.3	0.0	0.0	0.0	0.0	0.3	0.7
P62270	1.0	0.0	0.0	1.1	3.0	0.0	0.3	0.6
P62754	1.0	0.0	0.0	1.0	0.3	0.0	0.0	0.0
P67984	1.0	0.0	0.0	3.0	3.3	0.0	0.0	0.0
Q05920	1.0	0.0	0.0	3.3	0.0	0.0	0.0	0.0
Q06138	1.0	0.0	0.7	1.3	2.3	0.0	0.0	0.3
Q3KNM2	1.0	0.0	0.0	0.0	0.0	0.0	0.0	0.0
Q3TW96	1.0	0.0	2.0	0.0	0.0	0.0	0.0	0.7
Q3URD3-3	1.0	0.0	0.0	0.0	1.0	0.0	0.0	0.0
Q569Z5-2	1.0	0.0	0.0	3.7	1.0	0.0	0.0	0.0
Q5SUF2-2	1.0	0.0	0.0	0.0	0.0	0.0	0.0	0.0
Q5XG69	1.0	0.0	0.3	4.3	3.3	0.0	0.0	0.7
Q60675	1.0	0.0	0.0	1.0	4.3	0.0	0.0	0.0
Q60737	1.0	0.0	0.0	1.7	0.0	0.0	1.0	0.0
Q6UGQ3	1.0	0.0	0.0	0.0	0.0	0.0	0.0	6.0
Q7TNC4-2	1.0	0.0	0.0	0.0	0.0	0.0	0.0	0.0
Q8BGB7-2	1.0	0.0	0.0	0.0	0.0	0.0	0.0	0.3
Q8BL97-2	1.0	0.0	0.1	0.3	0.0	0.0	0.0	0.0
Q8BUV3	1.0	0.0	0.0	2.0	0.7	0.0	0.0	0.0
Q8C2Q3	1.0	0.0	0.0	0.0	0.0	0.0	0.0	0.0
Q8CAA7	1.0	0.0	0.0	0.0	2.0	0.0	0.7	1.7
Q8CHK3	1.0	0.0	0.0	0.0	0.0	0.0	0.0	0.0
Q8R3R8	1.0	0.0	0.0	4.0	0.0	0.0	0.0	0.0
Q8VDP4	1.0	0.0	0.0	1.7	0.0	0.0	0.0	0.0
Q91WN1	1.0	0.0	0.0	0.0	0.0	0.0	0.0	0.0
Q91ZZ3	1.0	2.0	0.3	2.7	0.0	0.0	0.0	3.0
Q99LF4	1.0	0.0	0.0	0.3	0.0	0.0	0.7	0.0
Q9CQH3	1.0	0.0	0.0	0.0	0.0	0.0	0.3	0.7
Q9CQM9	1.0	0.0	2.3	6.3	0.0	0.0	0.0	0.0
Q9CR67	1.0	0.0	0.0	0.0	2.0	0.0	0.0	0.0
Q9CR68	1.0	0.0	0.0	0.0	4.3	0.0	0.0	0.0
Q9CWZ3-2	1.0	0.0	0.0	0.0	0.0	0.0	0.0	0.0
Q9CXI5	1.0	0.0	0.0	0.0	0.0	0.0	0.0	0.0
Q9CXW3	1.0	0.0	0.0	0.0	1.0	0.0	0.0	0.0
Q9D0M1	1.0	0.0	0.0	0.0	0.0	0.0	0.0	0.0
Q9D0M3-2	1.0	0.0	0.0	0.7	0.0	0.0	0.7	0.0
Q9D0R2	1.0	0.0	0.0	6.7	0.0	0.0	0.0	0.3
Q9DB15	1.0	0.0	0.0	0.7	0.0	0.0	0.0	0.0
Q9DC61	1.0	0.0	0.0	0.0	0.0	0.0	0.0	0.0
Q9EPU0-2	1.0	0.0	0.0	0.7	0.7	0.0	0.0	0.0
Q9JIG8	1.0	0.0	0.0	0.0	0.3	0.0	0.0	0.0
Q9QZD9	1.0	0.0	0.3	5.3	0.0	0.0	0.3	0.0
Q9WTY4	1.0	0.0	0.0	0.0	0.0	0.0	0.7	0.0
Q9Z0W3-2	1.0	0.0	0.0	0.0	0.0	0.0	0.0	0.0
P32883-2	1.0	0.0	0.0	0.0	0.0	0.0	0.0	0.0
Q62167	1.0	0.0	0.0	8.0	6.4	0.0	0.7	1.0
Q9EQQ9-3	1.0	0.0	0.0	0.0	0.7	0.0	0.3	1.0
E9Q6Q4	1.0	0.0	0.0	8.3	0.3	0.0	0.0	0.0
P09103	1.0	0.0	0.0	5.0	1.3	0.0	0.7	0.0
P20357	1.0	0.0	0.0	4.3	2.0	0.0	0.0	0.0
P61202-2	1.0	0.0	0.0	1.0	1.7	0.0	0.0	0.0
P61222	1.0	0.0	0.0	0.3	0.0	0.0	0.3	0.0
Q3UD94	1.0	0.0	0.0	1.0	0.3	0.0	1.0	1.0
Q4FJZ4	1.0	0.0	0.0	0.0	0.0	0.0	0.0	1.3
Q5SRX1-2	1.0	0.0	0.0	15.5	0.3	0.0	0.0	0.0
Q7TMB8-2	1.0	0.0	0.0	0.0	1.3	0.0	1.3	0.7
Q8BRC6	1.0	0.0	0.0	0.0	0.0	0.0	0.0	0.7
Q9CZ44-3	1.0	0.0	2.0	0.3	1.3	0.0	0.3	1.3
Q9D6Y9	1.0	0.0	0.0	0.3	1.0	0.0	0.0	2.0
Q9D8W5	1.0	0.0	0.0	1.0	1.3	0.0	3.0	0.0
Q9Z1G3	1.0	0.0	0.0	0.0	0.7	0.0	0.3	0.7
P21619-2	0.7	0.0	0.0	0.0	0.0	0.0	0.0	0.0
A3KGK3-2	0.7	0.0	0.0	2.7	0.0	0.0	2.3	2.0
B1AR69	0.7	0.0	0.0	0.4	3.2	0.0	0.0	0.4
D3Z7P3	0.7	0.0	0.0	0.3	0.0	0.0	0.0	0.0
O54984	0.7	0.0	0.0	2.0	0.3	0.0	0.0	0.0
O70194	0.7	0.0	0.0	0.0	0.0	0.0	0.0	0.0
O88271	0.7	0.0	0.0	0.0	0.0	0.0	0.0	0.0
O88643	0.7	0.0	0.0	0.0	0.0	0.0	0.0	0.0
P00158	0.7	0.0	0.0	0.0	0.3	0.0	0.0	0.0
P18572-2	0.7	0.0	0.0	11.0	1.7	0.0	0.0	0.0
P19324	0.7	0.0	0.0	14.0	0.3	0.0	0.0	0.0
P24369	0.7	0.0	0.3	4.0	2.3	0.0	0.0	0.3
P28661-2	0.7	0.0	0.0	0.0	0.0	0.0	0.0	0.0
P31230	0.7	0.0	0.0	0.0	0.0	0.0	0.0	0.0
P31324	0.7	0.0	0.0	0.0	0.0	0.0	1.0	0.3
P31650	0.7	0.0	0.0	0.0	2.3	0.0	1.0	0.0
P40240	0.7	0.0	0.0	0.0	0.0	0.0	0.0	0.0
P41216	0.7	0.0	0.0	0.0	0.0	0.0	0.0	0.0
P46735-2	0.7	0.0	0.0	0.0	0.0	0.0	4.0	0.0
P54071	0.7	0.0	0.0	2.7	1.7	0.0	0.3	0.0
P56380	0.7	3.3	0.0	0.0	0.0	0.0	0.0	0.3
P58321	0.7	0.0	2.7	0.0	0.0	0.0	0.0	0.3
P59108	0.7	0.0	0.0	0.0	0.7	0.0	0.0	0.0
P61620	0.7	0.0	0.0	4.3	0.0	0.0	0.0	0.0
P61759	0.7	0.0	0.0	0.0	0.0	0.0	0.0	0.0
P61804	0.7	0.0	0.0	0.0	0.0	0.0	0.0	0.0
P61924	0.7	0.0	0.0	0.0	0.0	0.0	0.0	0.0
P62315	0.7	0.0	0.0	4.3	7.7	0.0	0.7	0.0
P62334	0.7	0.0	0.0	0.3	3.7	0.0	0.7	0.0
P62855	0.7	0.0	0.0	0.7	12.7	0.7	0.0	0.3
P62889	0.7	0.0	0.0	5.3	3.0	0.0	0.0	0.0
P97823-2	0.7	0.0	0.0	1.7	0.0	0.0	0.0	0.3
P98191	0.7	0.0	0.0	0.0	0.0	0.0	0.0	0.0
Q3UHL1	0.7	0.0	0.0	1.0	1.7	0.0	0.0	0.0
Q60598	0.7	0.0	0.0	0.0	0.0	0.0	0.0	0.0
Q60676	0.7	0.0	0.0	0.0	0.0	0.0	0.0	0.0
Q61191	0.7	0.0	0.0	0.0	0.0	0.0	0.0	0.0
Q62348	0.7	0.0	1.3	1.0	0.7	0.0	0.0	0.0
Q64291	0.7	0.0	0.0	0.0	0.0	0.0	0.0	0.0
Q64737	0.7	0.0	0.0	0.0	0.0	0.0	0.0	0.0
Q6PER3	0.7	0.0	0.0	2.0	1.0	0.0	0.0	0.0
Q6PHS9-2	0.7	0.0	0.0	0.0	0.0	0.0	0.0	0.0
Q80TJ1-2	0.7	0.0	0.0	2.3	9.0	0.0	0.3	1.3
Q8BLQ9-2	0.7	0.0	0.0	0.0	0.0	0.0	0.0	0.0
Q8BMS1	0.7	0.0	0.0	0.0	2.0	0.0	0.0	0.0
Q8BR92	0.7	0.0	0.0	0.7	0.0	0.0	2.3	0.0
Q8BZW8	0.7	0.0	0.0	0.3	0.0	0.0	0.0	0.3
Q8CDM1	0.7	0.0	0.0	0.0	0.0	0.0	0.0	0.3
Q8CI75-2	0.7	0.0	0.0	0.0	0.0	0.0	0.0	0.7
Q8K274	0.7	0.3	0.0	0.0	0.0	0.0	3.0	2.7
Q8K4Z5	0.7	0.0	0.0	0.0	0.0	0.0	0.0	0.0
Q8R0A7	0.7	0.0	0.0	0.0	1.7	0.0	0.0	0.0
Q8R574	0.7	0.0	0.0	0.0	0.0	0.0	0.3	0.0
Q8VBZ3	0.7	0.0	0.0	1.0	0.0	0.0	0.0	0.0
Q8VEH5	0.7	0.0	0.0	0.0	0.0	0.0	0.0	0.3
Q91XV3	0.7	0.0	0.7	2.7	5.3	0.0	0.0	0.0
Q91YR7-2	0.7	0.0	0.0	0.0	0.0	0.0	0.0	0.0
Q91Z53	0.7	0.0	0.3	0.0	1.3	0.0	0.3	0.0
Q99104	0.7	0.0	0.0	12.7	1.0	0.0	0.0	0.0
Q99J36	0.7	0.0	0.0	0.3	0.0	0.0	0.0	1.3
Q99J99	0.7	0.0	0.0	0.0	0.0	0.0	1.3	0.0
Q99KF1	0.7	0.0	0.0	0.0	0.0	0.0	0.0	0.0
Q9CXZ1	0.7	0.0	0.0	0.0	0.0	0.0	0.0	0.0
Q9CYI4	0.7	0.0	0.0	0.0	0.0	0.0	0.0	0.0
Q9CZP5	0.7	0.0	0.0	1.3	0.0	0.0	0.0	0.0
Q9D0I9	0.7	0.0	0.0	0.7	1.0	0.0	0.3	1.3
Q9D0P0	0.7	0.0	0.0	6.3	0.0	0.0	0.0	0.0
Q9D1D4	0.7	0.0	0.0	0.0	2.7	0.0	1.0	0.0
Q9EPK8	0.7	0.0	9.3	37.0	9.7	0.0	19.3	0.3
Q9ES97-3	0.7	0.0	0.0	0.0	0.0	0.0	0.0	0.0
Q9JHU9	0.7	0.0	0.0	0.0	0.0	0.0	0.0	0.0
Q9JKR6	0.7	0.0	0.0	0.3	0.0	0.0	0.0	0.0
Q9JLR9	0.7	0.0	0.0	0.0	0.0	0.0	0.0	0.0
Q9JMI0	0.7	0.0	0.0	0.0	0.0	0.0	0.7	8.0
Q9QXB9	0.7	0.0	0.0	0.0	0.0	0.0	0.0	0.0
Q9QXW9	0.7	0.0	0.0	0.0	0.0	0.0	0.0	0.0
Q9R0Q6	0.7	0.0	0.0	0.3	0.0	0.0	0.0	0.7
Q9R269	0.7	0.0	0.0	0.0	0.0	0.0	0.0	0.0
Q9Z0V1-2	0.7	0.0	0.0	0.0	0.0	0.0	0.0	0.0
Q9Z1F9	0.7	0.0	0.0	0.3	0.0	0.0	0.0	0.0
Q9Z2D6-2	0.7	0.0	0.0	0.0	1.0	0.0	0.0	0.0
Q9Z2U2-2	0.7	0.0	0.3	20.0	0.0	0.0	0.7	0.3
P51410	0.7	0.0	0.0	2.7	1.7	0.0	0.0	0.0
Q60972	0.7	0.0	0.0	1.7	0.0	0.0	0.0	0.0
Q64213-2	0.7	0.0	0.0	0.0	0.0	0.0	0.0	0.0
Q9CYT3	0.7	0.0	0.0	0.3	1.7	0.0	0.7	0.0
F8VQJ3	0.7	0.0	0.0	0.0	17.8	0.0	0.0	0.0
O70503	0.7	0.0	0.0	1.7	2.3	0.0	0.0	0.0
O89086	0.7	0.0	12.9	5.0	0.0	0.0	0.0	0.0
P27048	0.7	0.0	0.0	6.6	5.6	0.0	0.0	0.0
P48678-2	0.7	0.0	0.0	0.0	0.0	0.0	0.0	0.0
P70318	0.7	0.0	0.0	0.0	0.0	0.0	0.0	0.0
Q60854	0.7	0.0	0.3	0.7	0.0	0.0	0.0	0.3
Q62417-2	0.7	0.0	0.0	0.0	0.0	0.0	0.3	0.0
Q64332	0.7	0.0	0.0	0.0	0.3	0.0	0.0	0.0
Q9D710	0.7	0.0	0.0	11.9	0.3	0.0	0.0	0.0
P17225	0.7	0.0	0.0	4.6	0.0	0.0	0.7	0.0
Q61937	0.6	0.0	0.0	1.6	0.1	1.1	0.1	0.0
P26039	0.5	0.0	0.0	1.9	1.0	0.0	0.0	0.0
Q9D6P8	0.5	0.0	5.8	0.2	0.5	0.0	0.0	0.0
Q8R0W0	0.5	0.0	0.0	0.0	0.0	0.0	0.3	0.0
Q811C0	0.4	0.0	0.0	0.0	0.0	0.0	0.0	0.0
P14824	0.4	0.0	0.9	0.0	1.1	0.0	0.1	0.6
Q9WV80	0.3	0.0	0.0	0.2	0.0	0.0	0.0	0.5
A2AEN9	0.3	21.3	35.7	2.3	2.3	1.3	0.0	9.3
A2AEP0	0.3	0.0	72.0	11.7	6.7	0.0	0.0	0.0
A2AN08-3	0.3	0.0	0.0	11.7	0.0	0.0	0.0	0.0
B2RXS4	0.3	0.0	0.0	0.3	0.7	0.0	0.0	0.0
E9PV14	0.3	0.7	0.0	0.3	0.0	0.0	0.0	0.7
E9Q3L2	0.3	0.0	0.0	0.0	0.0	0.0	0.0	0.0
E9Q4Q8	0.3	0.0	0.0	0.0	0.0	0.0	0.0	0.0
E9Q616	0.3	0.0	0.0	0.0	0.0	0.0	0.0	0.0
F6ZDS4	0.3	0.0	0.0	0.0	0.0	0.0	0.0	0.0
O08582	0.3	0.0	0.0	2.3	0.0	0.0	0.0	0.0
O35326	0.3	0.0	0.0	0.0	0.7	0.0	0.0	0.0
O35678	0.3	0.0	0.0	3.3	9.3	0.0	0.0	0.0
O35864	0.3	0.0	0.0	0.0	0.0	0.0	0.3	1.3
O54828-2	0.3	0.0	0.0	0.0	0.0	0.0	0.0	0.0
O54829	0.3	0.0	0.0	0.0	0.0	0.0	0.0	0.0
O54879	0.3	0.0	0.3	5.7	0.3	0.0	0.0	0.0
O55029	0.3	0.0	0.0	0.0	0.7	0.0	0.0	0.0
O55125	0.3	0.0	0.0	0.0	0.0	0.0	0.0	0.0
O88485-2	0.3	0.0	0.0	0.7	0.0	0.0	0.0	0.0
O88532	0.3	0.0	0.0	0.0	0.0	0.0	0.0	0.0
O88545	0.3	0.0	0.0	0.0	0.0	0.0	0.0	0.3
P09055	0.3	0.0	0.0	0.0	0.3	0.0	0.0	0.0
P10711	0.3	0.0	0.0	1.0	0.0	0.0	0.0	0.0
P10833	0.3	0.0	0.0	0.0	0.0	0.0	0.0	0.0
P12960	0.3	0.0	0.0	0.7	0.0	0.0	0.0	0.0
P14211	0.3	0.0	0.0	0.0	0.0	0.0	0.0	0.0
P15379-10	0.3	0.0	0.0	0.0	0.3	0.0	0.0	0.0
P19137	0.3	0.0	0.0	0.0	16.7	0.0	0.0	0.0
P26231	0.3	0.0	0.0	0.0	1.0	0.0	0.0	0.0
P27659	0.3	0.0	0.0	1.0	1.3	0.0	0.0	0.0
P28271	0.3	0.0	0.0	1.3	0.0	0.0	0.0	0.3
P33173	0.3	0.0	0.0	2.0	0.0	0.0	0.0	0.0
P35802	0.3	0.0	0.0	0.0	1.0	0.0	0.0	0.0
P35979	0.3	0.0	0.0	2.7	3.7	0.0	1.0	0.0
P39061-1	0.3	0.0	0.0	0.0	0.3	0.0	0.0	0.0
P39447	0.3	0.0	0.0	1.0	1.0	0.0	0.0	0.0
P46935	0.3	0.0	0.0	2.3	2.0	0.0	0.0	0.0
P48193-2	0.3	0.0	0.0	0.3	0.0	0.0	0.0	0.0
P49117	0.3	0.0	0.0	0.0	0.0	0.0	2.7	3.3
P49442	0.3	0.0	0.0	0.0	1.3	0.0	0.0	0.3
P49722	0.3	0.0	0.0	0.3	1.3	0.0	1.3	0.3
P52825	0.3	0.0	1.0	4.3	0.0	0.0	0.0	0.0
P53395	0.3	0.0	0.0	0.3	0.0	0.0	0.0	0.0
P54775	0.3	0.0	0.0	2.3	0.0	0.0	2.3	0.0
P54823	0.3	0.0	0.0	0.0	0.7	0.0	0.0	0.0
P54923	0.3	0.0	0.0	4.0	1.3	0.0	0.0	0.0
P56812	0.3	0.0	3.3	1.0	0.0	0.0	0.0	0.0
P59325	0.3	0.0	1.0	0.0	0.0	0.0	1.7	0.0
P60879-2	0.3	0.0	0.0	1.0	1.0	0.0	0.0	0.0
P61957	0.3	0.3	2.7	2.3	1.3	0.7	0.0	0.0
P62196	0.3	0.0	0.0	0.3	1.7	0.0	0.0	0.3
P62245	0.3	0.0	0.0	1.0	4.3	0.0	0.3	0.3
P62331	0.3	0.0	0.0	0.0	0.0	0.0	0.0	0.0
P62717	0.3	0.0	0.0	0.0	0.7	0.0	0.0	0.0
P62996	0.3	0.0	0.0	0.0	0.0	0.0	0.0	0.0
P63085	0.3	0.0	0.0	0.7	0.3	0.0	6.3	0.0
P68037	0.3	0.0	2.3	0.0	0.0	0.0	0.0	0.0
P70303-2	0.3	0.0	0.0	0.0	0.0	0.0	0.0	0.0
P97765	0.3	0.0	0.0	0.3	0.0	0.0	0.0	2.0
Q3TF18	0.3	0.0	0.0	1.0	0.0	0.0	0.0	0.0
Q3TJZ6	0.3	0.0	0.0	0.0	0.0	0.0	0.0	0.0
Q3U1J4	0.3	0.0	0.0	0.0	1.0	0.0	0.0	0.0
Q3UGC7	0.3	0.0	0.0	2.0	0.0	0.0	0.0	0.0
Q3UN90	0.3	0.0	0.0	0.0	0.0	0.0	0.0	0.0
Q499X9	0.3	0.0	0.0	0.0	0.0	0.0	0.0	0.0
Q4U2R1-2	0.3	1.0	0.0	0.0	0.0	0.0	0.0	0.0
Q5PR73	0.3	0.0	0.0	0.0	1.3	0.0	0.0	1.0
Q5SWT3	0.3	0.0	0.0	0.3	0.0	0.0	0.0	0.0
Q5XJY5	0.3	0.0	0.0	0.3	2.3	0.0	0.0	0.0
Q60960	0.3	0.0	0.0	3.0	0.0	0.0	0.0	0.0
Q61292	0.3	0.0	0.0	0.0	0.0	0.0	0.0	0.0
Q61550	0.3	0.0	0.0	1.7	1.0	0.0	0.0	0.0
Q62418-2	0.3	0.3	3.7	2.0	1.7	0.0	1.3	0.0
Q62448-2	0.3	0.0	0.0	1.3	0.0	0.0	0.0	0.0
Q6GV12	0.3	0.0	0.0	0.0	0.0	0.0	0.0	0.0
Q6NVF9	0.3	0.0	0.0	0.3	0.0	0.0	0.0	0.0
Q6NZF1	0.3	0.0	0.0	0.0	0.0	0.0	0.0	0.0
Q6P1B1	0.3	0.0	0.0	0.0	0.3	0.0	0.0	1.0
Q6P5D8	0.3	0.0	0.0	0.0	0.0	0.0	0.0	0.0
Q6P5E4	0.3	0.0	0.0	0.7	0.0	0.0	0.0	0.0
Q6PDN3-2	0.3	0.0	0.0	0.0	0.0	0.0	0.0	0.0
Q6PHU5-2	0.3	0.0	0.0	0.0	0.0	0.0	0.0	0.0
Q6ZWX6	0.3	0.0	0.0	0.3	1.0	0.0	0.0	0.0
Q80SW1	0.3	0.0	0.0	0.0	0.3	0.0	0.2	0.1
Q80WW9	0.3	0.0	0.0	0.0	0.0	0.0	0.0	0.0
Q8BHC4	0.3	0.0	0.0	0.0	0.0	0.0	0.0	0.0
Q8BLF1	0.3	0.0	0.0	0.0	0.0	0.0	0.0	0.0
Q8BPN8-2	0.3	0.0	0.0	0.0	0.0	0.0	0.0	0.0
Q8BXZ1	0.3	0.0	0.0	0.0	0.0	0.0	0.0	0.0
Q8BYI9-2	0.3	0.0	0.0	0.3	0.3	0.0	0.0	0.0
Q8C5H8-2	0.3	0.0	0.0	0.0	0.0	0.0	0.0	0.0
Q8C7X2-2	0.3	0.0	0.0	0.0	0.0	0.0	0.0	0.0
Q8CAU1	0.3	0.0	0.0	0.0	0.0	0.0	0.0	1.0
Q8CBY8-2	0.3	0.0	0.0	0.0	0.0	0.0	0.0	0.0
Q8CGK3	0.3	0.0	0.0	2.0	0.0	0.0	0.0	0.0
Q8CI51	0.3	0.0	0.0	0.7	0.0	0.0	0.0	0.0
Q8JZQ9	0.3	0.0	0.0	4.7	0.3	0.0	0.0	0.0
Q8K019-2	0.3	0.0	0.0	0.0	0.0	0.0	0.0	0.0
Q8K021	0.3	0.0	0.0	0.0	0.0	0.0	0.0	0.0
Q8K1H1	0.3	0.0	0.0	0.0	0.0	0.0	0.0	0.7
Q8QZY9	0.3	0.0	0.0	0.0	0.0	0.0	0.0	0.0
Q8QZZ7	0.3	0.0	0.0	0.0	0.0	0.0	0.0	0.0
Q8R016	0.3	0.0	0.0	1.0	0.3	0.0	0.3	0.0
Q8R164	0.3	0.0	0.0	0.0	0.0	0.0	0.0	0.0
Q8R2K1-2	0.3	0.0	0.0	0.0	0.0	0.0	0.0	0.0
Q8R2R9	0.3	0.0	0.0	0.0	0.0	0.0	0.0	0.0
Q8R317-2	0.3	0.0	0.0	0.0	0.0	0.0	0.0	0.0
Q8VBT0	0.3	0.0	0.0	0.0	0.0	0.0	0.0	0.0
Q8VCH0	0.3	0.0	0.0	0.0	0.3	0.0	0.0	0.0
Q8VCK5	0.3	0.0	0.0	1.3	0.3	0.0	0.3	0.0
Q8VHL1	0.3	0.0	0.0	0.0	0.0	0.0	0.0	0.0
Q8VHN8-2	0.3	0.0	0.0	0.0	0.0	0.0	0.0	0.0
Q91WQ3	0.3	0.0	0.0	0.0	0.0	0.0	1.0	0.0
Q91WV0	0.3	0.0	0.0	0.0	0.0	0.0	0.0	0.0
Q921M7	0.3	0.0	0.7	0.0	1.7	0.0	2.3	1.0
Q922B2	0.3	0.0	0.0	1.0	0.3	0.0	0.7	2.3
Q922Q8	0.3	0.0	0.0	2.0	1.0	0.0	0.0	0.0
Q924M7	0.3	0.0	1.0	1.3	0.0	0.0	0.0	0.0
Q99JB8	0.3	0.0	0.0	0.0	0.0	0.0	0.0	0.0
Q99JY0	0.3	0.0	0.0	0.7	0.0	0.0	0.0	0.0
Q99LC5	0.3	0.0	0.0	0.0	1.3	0.0	0.3	0.0
Q99PV0	0.3	0.0	0.0	34.7	0.0	0.0	0.0	0.0
Q9CPX6	0.3	0.0	0.0	0.0	0.0	0.0	0.0	0.3
Q9CQ62	0.3	0.0	0.0	0.0	0.0	0.0	0.0	0.0
Q9CQ69	0.3	0.0	0.0	0.7	0.0	0.0	0.0	0.0
Q9CQI7	0.3	0.0	0.0	13.7	0.0	0.0	0.0	0.0
Q9CQK7	0.3	0.0	0.0	0.3	0.0	0.0	0.0	0.0
Q9CR09	0.3	0.0	0.3	11.3	0.0	0.0	0.0	0.3
Q9CR86	0.3	0.0	8.0	0.0	0.0	0.0	0.3	1.7
Q9CRB8	0.3	0.0	0.0	0.0	0.0	0.0	0.0	0.0
Q9CRD2	0.3	0.0	0.0	0.0	0.0	0.0	0.0	0.0
Q9CWL8	0.3	0.0	0.0	0.0	0.0	0.0	0.3	0.0
Q9CXS4	0.3	0.0	0.0	0.0	1.0	0.0	0.0	0.0
Q9CZ42-3	0.3	0.0	0.0	0.0	0.0	0.0	0.0	0.0
Q9D0B6-2	0.3	0.0	0.0	0.0	0.0	0.0	0.0	0.0
Q9D0L8-3	0.3	0.0	0.0	0.0	0.7	0.0	0.0	0.0
Q9D1A2	0.3	0.0	0.0	0.0	1.3	0.0	0.0	0.7
Q9D1J3	0.3	0.0	0.0	0.7	0.0	0.0	0.0	0.0
Q9D328	0.3	0.0	0.0	0.0	0.0	0.0	0.0	0.0
Q9D7X8	0.3	0.0	1.3	14.0	0.0	0.0	0.0	1.3
Q9D898	0.3	0.0	0.0	0.7	0.0	0.0	0.0	0.0
Q9D8S4	0.3	0.0	0.0	0.0	0.0	0.0	0.0	0.3
Q9DCN2-2	0.3	0.0	0.0	0.7	0.0	0.0	0.0	0.0
Q9DCQ2	0.3	0.0	0.0	0.0	3.7	0.0	0.3	0.0
Q9EQ20	0.3	0.0	0.0	0.0	0.0	0.0	0.0	0.0
Q9EQ80	0.3	0.0	0.0	0.0	0.0	0.0	0.0	0.0
Q9ERG0-2	0.3	0.0	0.0	0.0	0.0	0.0	0.0	0.0
Q9EST4-3	0.3	0.0	0.0	0.0	0.0	0.0	0.0	0.0
Q9ESX4-2	0.3	0.0	0.0	0.0	0.0	0.0	0.0	0.0
Q9ESZ8-2	0.3	0.0	0.0	0.3	0.3	0.0	0.0	0.0
Q9JJK2	0.3	0.0	0.0	0.0	0.0	0.0	0.0	0.0
Q9JKF6	0.3	0.0	0.0	0.0	0.0	0.0	0.0	0.0
Q9JLB0-2	0.3	0.0	0.0	0.0	0.7	0.0	0.3	0.0
Q9JLN5-3	0.3	0.0	0.0	0.0	0.0	0.0	0.0	0.3
Q9JM63	0.3	0.0	0.0	0.0	0.0	0.0	0.3	0.0
Q9JM96	0.3	0.0	0.0	0.0	0.0	0.0	0.0	0.0
Q9QY93	0.3	0.0	0.0	0.0	0.0	0.0	0.0	0.0
Q9QYF9	0.3	0.0	0.0	0.0	0.0	0.0	0.0	0.0
Q9QZS0	0.3	0.0	0.0	0.0	0.0	0.0	0.0	0.0
Q9WTX5	0.3	0.0	0.0	0.0	0.0	0.0	0.0	1.0
Q9WTX6	0.3	0.0	0.0	0.0	0.0	0.0	0.0	0.0
Q9WUD1	0.3	0.0	0.0	0.0	0.0	0.0	0.0	0.0
Q9WUM4	0.3	0.0	0.0	0.0	0.0	0.0	0.0	0.0
Q9WUM5	0.3	0.0	0.0	0.0	0.0	0.0	0.0	0.0
Q9WVA3	0.3	0.0	0.0	0.0	0.0	0.0	0.0	0.0
Q9Z0N1	0.3	0.0	0.0	1.7	0.0	0.0	0.0	0.0
B2RWR8	0.3	0.0	0.0	8.3	0.0	0.0	0.7	0.0
E9PXE5	0.3	0.0	0.0	1.0	0.0	0.0	0.0	0.0
O35638	0.3	0.0	0.0	0.0	0.0	0.0	0.0	0.0
P03911	0.3	0.0	0.0	24.1	0.0	0.0	0.0	0.0
P26883	0.3	6.9	5.0	1.0	0.3	0.7	0.0	0.0
P28738	0.3	0.0	0.0	0.7	3.0	0.0	0.0	0.0
P58281-2	0.3	0.0	0.0	0.0	0.0	0.0	0.0	0.0
P61255	0.3	0.0	0.0	0.0	0.0	0.0	0.0	0.0
Q3U5R8	0.3	0.0	0.7	0.3	2.3	0.0	0.0	0.7
Q61207	0.3	0.0	0.0	0.0	0.0	0.0	0.0	0.0
Q62420	0.3	0.0	0.0	0.0	0.7	0.0	0.0	0.0
Q91WM1	0.3	0.0	0.0	0.0	0.0	0.0	0.0	0.0
Q922P9	0.3	0.0	0.0	18.7	0.0	0.0	0.0	0.0
Q9D379	0.3	0.0	0.0	0.0	1.3	0.0	0.0	0.0
Q9JLV5	0.3	0.0	0.0	0.3	1.7	0.0	0.0	1.7
Q9JMA1	0.3	0.0	0.0	0.3	0.0	0.0	0.0	0.0
Q9Z0H4-11	0.3	0.0	0.0	0.3	0.0	0.0	0.0	0.0
P27546-2	0.3	0.0	0.0	0.3	0.3	0.0	0.0	0.0
Q9CWK8	0.3	0.0	0.0	0.5	0.0	0.0	0.0	0.5
Q3TWN5	0.2	0.0	0.0	0.0	0.1	0.0	0.1	0.0
P18242	0.2	0.0	0.0	1.4	0.2	0.0	0.0	0.0
Q9DBP5	0.2	1.0	4.8	3.0	1.0	0.0	1.0	0.3
Q9EQP2	0.2	0.0	0.0	0.0	0.5	0.0	0.0	0.0
Q9QXY6	0.2	0.0	0.0	0.3	0.2	0.0	0.0	0.0
Q9WTP6-2	0.2	1.0	1.5	3.0	0.0	0.0	0.0	0.0
Q9DCH4	0.1	0.0	0.0	2.4	0.0	0.0	0.0	0.0
E9QAY6	0.0	0.0	0.0	0.0	0.3	0.0	0.0	0.0
A2A654	0.0	0.0	0.0	0.7	0.0	0.0	0.0	0.0
A2AGT5-2	0.0	0.0	0.0	2.0	0.0	0.0	0.0	0.0
A2AIG8-2	0.0	0.0	0.0	2.7	0.0	0.0	0.0	0.0
A2AKN8	0.0	0.0	0.0	0.0	0.0	0.0	0.7	4.3
A2AKX3-2	0.0	0.0	0.0	0.0	0.0	0.0	0.3	0.0
A2ALU4-2	0.0	0.0	0.0	0.3	0.0	0.0	0.0	0.0
A2ASQ1-2	0.0	0.0	0.0	0.0	1.0	0.0	0.0	0.0
A2AVV5	0.0	0.0	0.0	0.7	0.0	0.0	0.0	0.0
A2BHR2	0.0	2.0	0.3	0.0	0.0	0.0	0.0	0.3
A2RSX9	0.0	0.0	0.0	1.3	0.0	0.0	0.0	0.0
A6H5Y3	0.0	0.0	0.0	1.3	0.0	0.0	0.0	0.0
A6H630	0.0	0.0	0.0	0.7	0.0	0.0	0.0	0.0
B1AY10-2	0.0	0.0	0.0	0.0	0.3	0.0	0.0	0.0
B2RWW6	0.0	0.0	0.0	0.3	0.0	0.0	0.0	0.0
B2RXT3	0.0	0.0	0.0	0.6	0.0	0.0	0.0	0.0
B2RY51	0.0	0.0	0.0	0.7	0.0	0.0	0.0	0.0
B9EJ54	0.0	0.0	0.0	0.3	0.0	0.0	0.0	0.0
B9EJ80	0.0	0.0	0.0	0.7	0.0	0.0	0.0	0.0
D2XZ31	0.0	0.0	2.0	0.0	0.0	0.0	0.0	0.3
D3YUT6	0.0	0.0	2.3	0.0	0.3	0.0	0.3	1.0
D3YWD1	0.0	0.0	0.0	0.0	1.0	0.0	0.0	0.0
D3YXK2	0.0	0.0	0.0	1.0	0.0	0.0	0.0	0.0
D3YZU1	0.0	0.0	0.0	0.7	0.0	0.0	0.0	0.0
D3Z0M9	0.0	0.0	0.0	0.7	0.0	0.0	0.0	0.0
D3Z158	0.0	0.0	0.0	0.0	0.3	0.0	0.0	0.0
D3Z494	0.0	0.0	0.7	0.0	0.3	0.0	0.7	1.3
D3Z4E7	0.0	3.7	1.3	0.0	0.0	0.0	0.0	0.0
D3Z6J0	0.0	0.0	0.0	0.0	0.0	0.0	0.0	0.3
D6RE34	0.0	0.0	0.0	0.0	0.0	0.0	0.3	0.0
D6REU3	0.0	1.0	1.3	0.0	0.0	0.3	0.0	0.0
E0CX20	0.0	0.0	0.0	0.7	0.0	0.0	0.0	0.0
E0CXE4	0.0	0.0	1.0	0.0	0.0	0.0	0.0	0.0
E9PWG2	0.0	0.0	0.0	0.7	0.0	0.0	0.0	0.0
E9PWS6	0.0	0.0	0.7	0.0	0.0	0.0	0.0	0.0
E9Q0T8	0.0	0.0	1.3	0.0	0.0	0.0	0.0	0.0
E9Q137	0.0	0.0	0.0	0.3	0.0	0.0	0.0	0.0
F6WYC8	0.0	0.0	0.0	0.0	0.0	0.0	0.3	0.3
F6XXE6	0.0	0.0	0.0	4.3	0.0	0.0	0.0	0.0
F6ZGI7	0.0	11.3	2.3	0.0	0.0	0.0	0.0	0.0
F7CK55	0.0	0.0	0.0	0.0	5.3	0.0	0.0	0.0
F8VQ65	0.0	0.0	0.0	1.7	0.0	0.0	0.0	0.0
G3X8U3	0.0	0.0	0.0	0.0	0.0	0.0	0.0	0.3
G3X9K3	0.0	0.0	0.0	1.0	0.0	0.0	0.0	0.0
J3QMF5	0.0	0.0	19.3	0.0	0.0	0.0	0.0	0.0
M0QWF9	0.0	0.0	0.0	0.0	0.0	0.0	0.0	0.3
O08529	0.0	0.0	0.0	0.0	0.0	0.0	0.0	1.7
O08539-2	0.0	0.0	0.0	0.0	1.0	0.0	0.0	0.0
O08547	0.0	0.0	0.0	1.3	2.0	0.0	0.0	0.0
O08633	0.0	0.0	0.0	34.7	0.0	0.0	0.0	0.0
O08663	0.0	0.0	0.0	0.0	0.3	0.0	0.0	0.0
O08992	0.0	0.0	0.0	0.0	3.3	0.0	0.0	0.0
O08997	0.0	8.3	6.3	0.0	0.0	0.0	0.0	0.3
O09114	0.0	0.0	5.7	0.0	0.0	0.0	0.0	0.3
O09167	0.0	0.0	0.0	1.0	0.3	0.0	0.0	0.0
O09172	0.0	0.0	0.0	0.0	0.0	0.0	0.3	0.0
O35218	0.0	0.0	0.0	5.3	0.0	0.0	0.0	0.0
O35239	0.0	0.0	0.0	0.3	0.0	0.0	0.0	0.0
O35242	0.0	0.0	0.0	0.0	0.0	0.0	0.3	0.0
O35286	0.0	0.0	0.0	3.3	5.3	0.0	0.0	0.0
O35483	0.0	0.0	0.3	0.0	0.0	0.0	0.0	0.0
O35593	0.0	0.0	0.0	0.3	0.0	0.0	0.0	0.0
O35841	0.0	0.0	0.0	1.0	1.0	0.0	0.0	0.0
O35900	0.0	0.0	0.0	0.3	0.0	0.0	0.0	0.0
O35954	0.0	0.0	0.0	0.7	0.3	0.0	0.0	0.0
O35969-2	0.0	0.0	0.0	0.0	0.0	0.0	0.3	0.0
O54774	0.0	0.0	0.0	0.0	2.7	0.0	0.0	0.0
O54833	0.0	0.0	0.0	1.0	0.0	0.0	1.0	0.3
O54865	0.0	0.0	0.0	1.0	0.7	0.0	0.0	0.0
O54962	0.0	0.0	0.3	3.0	0.0	0.0	0.0	0.0
O55026	0.0	0.0	0.0	1.3	0.0	0.0	0.0	0.0
O55028	0.0	0.0	0.0	2.0	0.0	0.0	0.0	0.0
O55135	0.0	0.0	0.3	0.0	0.0	0.0	0.0	0.0
O55137	0.0	0.0	0.0	0.3	0.0	0.0	0.0	0.0
O55142	0.0	0.0	0.0	0.0	0.0	0.0	0.0	0.7
O55143-2	0.0	0.0	0.0	0.0	1.7	1.7	0.0	0.0
O55234	0.0	0.0	0.0	1.3	0.0	0.0	0.7	1.3
O55240	0.0	0.0	0.0	1.3	0.0	0.0	0.0	0.0
O70251	0.0	0.0	0.0	0.0	2.0	0.0	0.0	0.0
O70310	0.0	0.0	0.0	1.0	0.0	0.0	0.0	0.0
O70400	0.0	0.0	1.0	0.0	0.0	0.0	0.0	0.0
O70422	0.0	0.0	0.0	0.7	0.0	0.0	0.0	0.0
O88447	0.0	0.0	0.0	0.0	0.7	0.0	0.0	0.0
O88508-2	0.0	0.0	0.0	17.3	0.0	0.0	0.0	0.0
O88520	0.0	0.0	0.0	0.7	0.0	0.0	0.0	0.0
O88544	0.0	0.0	0.0	1.3	0.7	0.0	1.3	0.0
O88738-2	0.0	0.0	0.0	0.3	0.0	0.0	0.0	0.0
O88741	0.0	0.0	0.0	0.7	0.0	0.0	0.0	0.0
O88809	0.0	0.0	0.0	0.0	0.0	0.0	0.7	0.0
O88848-2	0.0	0.0	0.0	0.3	0.0	0.0	0.0	0.0
O88851	0.0	0.0	2.0	0.0	0.0	0.0	0.0	0.0
O88935	0.0	0.0	0.0	0.3	2.6	0.0	0.0	0.0
O89053	0.0	0.0	0.0	2.7	0.0	0.0	0.0	0.0
P00329	0.0	0.0	0.0	0.0	0.0	0.0	0.3	1.3
P01831	0.0	0.0	0.0	0.0	0.3	0.0	0.3	0.0
P01887	0.0	0.0	0.7	0.0	0.0	0.0	0.0	0.0
P02469	0.0	0.0	0.0	0.0	11.3	0.0	0.0	0.0
P02816	0.0	0.0	20.3	1.7	0.0	0.0	0.0	2.3
P03888	0.0	0.0	0.0	0.0	0.7	0.0	0.0	0.0
P06728	0.0	0.0	0.3	0.0	0.0	0.0	0.0	0.0
P06797	0.0	0.0	0.7	0.0	0.0	0.0	0.0	0.0
P06798	0.0	0.0	0.0	0.7	0.0	0.0	0.0	0.0
P07147	0.0	0.0	0.0	0.0	77.3	0.0	0.0	0.0
P07309	0.0	0.0	0.7	0.0	0.3	0.0	0.0	0.0
P07758	0.0	0.0	0.2	1.7	0.0	0.0	0.0	0.0
P08228	0.0	0.0	12.3	1.7	2.0	1.7	0.3	2.7
P08775	0.0	0.0	0.0	1.0	0.0	0.0	0.0	0.0
P09470	0.0	0.0	0.0	1.0	0.0	0.0	0.0	0.0
P09602	0.0	0.0	5.7	4.7	3.0	0.0	0.0	0.0
P0C605-2	0.0	0.0	0.0	1.0	0.0	0.0	0.0	0.0
P10605	0.0	0.0	0.7	0.0	3.7	0.0	0.0	0.0
P11031	0.0	0.0	0.7	0.0	0.0	0.0	0.0	0.0
P11087-2	0.0	0.0	0.0	0.0	6.3	0.0	0.0	0.0
P11344	0.0	0.0	0.0	0.0	6.9	0.0	0.0	0.0
P11352	0.0	0.0	0.0	0.3	0.0	0.0	0.0	0.0
P11404	0.0	1.7	1.3	0.0	0.0	0.0	0.0	0.0
P11438	0.0	0.0	0.0	0.0	1.0	0.0	0.0	0.0
P11590	0.0	2.0	19.3	0.0	0.0	0.0	1.0	7.3
P13439	0.0	0.0	0.0	0.3	0.0	0.0	0.0	0.0
P14576	0.0	0.0	0.0	0.7	0.3	0.0	0.0	0.0
P14901	0.0	0.0	0.0	7.3	0.0	0.0	0.3	0.0
P15327	0.0	0.0	0.3	1.3	0.0	0.0	0.0	0.0
P15806	0.0	0.0	0.0	0.3	0.0	0.0	0.0	0.0
P16015	0.0	5.0	5.7	0.0	0.0	0.0	0.7	7.3
P16254	0.0	0.0	0.0	0.0	2.0	0.0	0.0	0.0
P18608	0.0	0.0	0.0	0.3	0.0	0.0	0.0	0.0
P19253	0.0	0.0	0.0	1.0	1.0	0.0	0.0	0.0
P19258	0.0	0.0	0.0	0.3	0.0	0.0	0.0	0.0
P21300	0.0	0.0	0.3	0.0	0.0	0.0	0.0	0.0
P21460	0.0	0.0	14.0	0.0	0.0	0.7	0.0	0.0
P21995	0.0	0.0	0.0	0.0	0.3	0.0	0.0	0.0
P22599	0.0	0.0	0.2	1.3	0.0	0.0	0.0	0.0
P22892	0.0	0.0	0.0	1.3	0.0	0.0	0.0	0.0
P23492	0.0	0.0	0.0	1.3	0.0	0.0	0.0	0.0
P23506-2	0.0	0.3	0.0	0.0	0.0	0.0	0.0	0.7
P23591	0.0	0.0	0.0	2.3	0.0	0.0	0.0	0.0
P23953	0.0	0.0	0.0	2.0	0.0	0.0	0.0	0.0
P24270	0.0	0.0	0.0	0.7	0.0	0.0	0.0	0.0
P24472	0.0	0.0	0.3	0.0	0.0	0.0	0.3	1.0
P26350	0.0	0.0	0.7	0.3	0.0	0.0	0.0	0.0
P26516	0.0	0.0	0.0	1.7	0.0	0.0	0.0	0.0
P26645	0.0	0.0	0.0	0.0	0.7	0.0	0.0	0.0
P28474	0.0	0.0	0.0	0.0	0.7	0.0	0.0	0.0
P28481-1	0.0	0.0	0.0	2.0	3.3	0.0	0.0	0.0
P28571-1	0.0	0.0	0.0	0.3	0.7	0.0	0.0	0.0
P28650-2	0.0	0.0	0.0	0.0	0.3	0.0	0.0	0.0
P28658	0.0	0.0	0.0	0.3	0.0	0.0	0.0	0.0
P28660-2	0.0	0.0	0.0	0.0	0.0	0.0	0.3	0.0
P28740-1	0.0	0.0	0.0	0.0	0.7	0.0	0.0	0.0
P28741	0.0	0.0	0.0	5.0	0.0	0.0	0.0	0.0
P29595	0.0	0.0	0.0	7.0	0.0	0.0	0.0	0.0
P29699	0.0	0.0	0.0	0.3	0.0	0.0	0.0	0.0
P29812	0.0	0.0	0.0	0.0	50.0	0.0	0.0	0.0
P31725	0.0	0.0	2.0	0.0	0.0	0.0	0.0	0.0
P32020-2	0.0	0.0	0.0	0.3	0.0	0.0	0.0	0.0
P34914	0.0	0.0	0.0	0.3	0.0	0.0	0.0	0.0
P35505	0.0	0.0	0.0	0.0	0.0	0.0	0.0	0.3
P35762	0.0	0.0	0.0	0.0	0.3	0.0	0.0	0.0
P41105	0.0	0.0	0.0	1.0	0.0	0.0	0.0	0.0
P42208	0.0	0.0	0.0	0.3	1.0	0.0	0.0	0.0
P42225	0.0	0.0	0.0	0.0	2.0	0.0	0.0	0.0
P42232	0.0	0.0	0.0	0.7	0.0	0.0	0.0	0.0
P43024	0.0	0.0	0.0	149.0	0.0	0.0	0.3	0.0
P46061	0.0	0.0	0.0	0.3	0.0	0.0	0.0	0.0
P46978	0.0	0.0	0.0	3.7	0.0	0.0	0.0	0.0
P47740	0.0	0.0	0.0	0.0	2.0	0.0	0.2	1.2
P47791-2	0.0	0.0	0.0	3.0	1.0	0.3	0.0	0.0
P47802	0.0	0.0	0.0	0.0	0.3	0.0	0.0	0.0
P48428	0.0	0.0	1.0	0.0	0.0	0.0	0.0	0.0
P48771	0.0	0.0	0.0	0.0	1.0	0.0	0.0	0.0
P50114	0.0	0.0	2.7	0.0	0.0	0.0	0.0	0.0
P50544	0.0	0.0	0.0	4.0	0.0	0.0	0.0	0.0
P50637	0.0	0.0	0.0	0.3	0.0	0.0	0.0	0.0
P51807	0.0	0.0	0.0	1.0	0.0	0.0	0.0	0.0
P51880	0.0	0.0	5.3	0.3	0.0	0.0	0.0	0.0
P52293	0.0	0.0	0.0	1.7	0.0	0.0	0.0	0.0
P52479-2	0.0	0.0	0.0	0.0	0.3	0.0	0.0	0.0
P53026	0.0	0.0	0.0	0.7	0.0	0.0	0.0	0.0
P53810	0.0	0.0	0.0	0.7	0.0	0.0	0.0	0.0
P53996-2	0.0	0.0	4.3	1.0	0.0	0.0	0.0	0.0
P54728	0.0	0.0	0.0	1.7	1.0	0.0	0.0	0.0
P55264-2	0.0	0.0	0.0	24.7	0.0	0.0	0.0	0.0
P56375	0.0	0.3	1.3	0.0	0.0	0.0	0.0	0.0
P56376	0.0	7.3	6.3	0.3	0.0	0.0	0.0	0.3
P56695	0.0	0.0	0.0	0.3	0.0	0.0	0.0	0.0
P57716	0.0	0.0	0.0	0.0	1.0	0.0	0.0	0.0
P57724	0.0	0.0	0.0	1.0	0.0	0.0	0.0	0.0
P57746	0.0	0.0	0.0	0.0	0.3	0.0	0.0	0.0
P58044	0.0	0.0	1.3	0.0	0.0	0.0	0.0	0.0
P59708	0.0	0.0	0.0	1.0	0.7	0.0	0.0	0.0
P60487	0.0	0.0	0.0	0.0	1.0	0.0	0.0	0.0
P60521	0.0	0.0	0.0	0.7	0.0	0.0	0.0	0.0
P60824	0.0	0.0	0.7	2.0	0.0	0.0	0.0	0.0
P61290	0.0	0.0	0.0	2.0	0.0	0.0	0.0	0.0
P61458	0.0	0.0	0.0	0.0	0.0	0.0	0.3	0.3
P62192	0.0	0.0	0.0	0.0	0.7	0.0	0.3	0.0
P62281	0.0	0.0	0.0	1.0	0.0	0.0	0.0	0.0
P62301	0.0	0.0	0.0	1.3	2.7	0.0	0.0	0.0
P62307	0.0	0.0	0.0	1.7	0.3	0.0	0.0	0.0
P62309	0.0	0.0	0.0	0.0	0.3	0.0	0.0	0.0
P62317	0.0	0.0	0.0	0.0	0.3	0.0	0.0	0.0
P62715	0.0	0.0	0.0	0.0	2.7	0.0	0.0	0.0
P62843	0.0	0.0	0.0	3.7	0.3	0.0	0.0	0.0
P62900	0.0	0.0	0.0	0.0	1.0	0.0	0.0	0.0
P62918	0.0	0.0	0.0	3.7	1.0	0.0	0.0	0.0
P62960	0.0	0.0	0.0	2.0	0.0	0.0	0.0	0.0
P63054	0.0	4.3	13.7	6.3	0.0	0.0	1.0	3.0
P63073	0.0	0.0	0.0	9.7	0.0	0.0	0.0	0.0
P63213	0.0	0.0	0.0	0.0	1.3	0.0	0.0	0.0
P63276	0.0	0.0	0.0	3.7	1.0	0.0	2.0	0.0
P70336-2	0.0	0.0	0.0	3.7	0.0	0.0	0.0	0.0
P70390-2	0.0	0.0	0.0	0.7	0.0	0.0	0.0	0.3
P70398	0.0	0.0	0.0	4.3	0.0	0.0	0.0	0.0
P70444	0.0	0.0	0.0	0.7	0.0	0.0	0.0	0.0
P70697	0.0	0.0	0.0	0.0	0.3	0.0	0.0	0.0
P70699	0.0	0.0	0.0	8.0	0.7	0.0	0.0	0.0
P80206	0.0	0.0	0.0	0.0	1.3	0.0	0.0	0.0
P83887	0.0	0.0	0.0	2.3	0.0	0.0	0.0	0.0
P84089	0.0	0.0	0.0	0.3	0.0	0.0	0.0	0.0
P84091	0.0	0.0	0.0	1.7	1.3	0.0	0.0	0.0
P84099	0.0	0.0	0.0	0.0	2.0	0.0	0.0	0.0
P97315	0.0	5.0	2.0	0.0	0.0	0.0	0.3	0.7
P97346-2	0.0	0.0	0.0	0.3	0.0	0.0	0.0	0.0
P97371	0.0	0.0	0.0	0.3	0.0	0.0	0.0	0.3
P97372	0.0	0.0	0.0	1.0	0.0	0.0	0.3	0.0
P97478	0.0	0.0	0.0	1.0	0.0	0.0	0.0	0.0
P97864	0.0	0.0	0.0	0.7	0.0	0.0	0.0	0.0
P99026	0.0	0.0	0.0	0.0	0.3	0.0	0.0	0.0
Q00898	0.0	0.0	0.2	0.0	0.0	0.0	0.0	1.3
Q01149	0.0	0.0	0.0	0.0	1.0	0.0	0.0	0.0
Q01405	0.0	0.0	0.0	0.3	1.7	0.0	0.0	0.0
Q01755	0.0	0.0	0.0	0.0	0.0	0.0	1.0	0.0
Q01965	0.0	0.7	0.0	0.0	0.0	0.0	0.0	0.0
Q02013	0.0	0.0	0.0	0.0	0.3	0.0	0.0	0.0
Q02357-2	0.0	0.0	0.0	0.3	0.0	0.0	0.0	0.0
Q05BC3-2	0.0	0.0	0.0	0.3	0.0	0.0	0.0	0.0
Q05D44	0.0	0.0	0.0	14.3	0.0	0.0	0.0	0.0
Q06890	0.0	0.0	0.0	0.0	1.3	0.0	0.0	0.0
Q07076	0.0	0.0	0.0	1.0	0.0	0.0	0.0	0.0
Q08274	0.0	0.0	0.0	0.0	0.0	0.0	0.3	0.0
Q08369	0.0	0.0	0.3	0.0	0.0	0.0	0.0	0.0
Q09PK2	0.0	0.0	5.3	0.0	0.0	0.0	0.0	0.0
Q0GA42	0.0	0.0	0.0	0.0	0.0	0.0	0.0	0.7
Q0VBL3	0.0	0.0	0.0	3.3	0.0	0.0	0.0	0.0
Q11136	0.0	0.0	0.0	0.7	0.0	0.0	0.3	0.7
Q148V7-2	0.0	0.0	0.0	0.7	0.0	0.0	0.0	0.0
Q2TPA8	0.0	0.0	0.0	0.3	0.0	0.0	0.0	0.0
Q31125	0.0	0.0	0.0	6.0	0.0	0.0	0.0	0.0
Q3THK7	0.0	0.0	0.0	0.3	0.0	0.0	0.0	0.0
Q3TIR1-2	0.0	0.0	0.0	1.7	0.0	0.0	0.0	0.0
Q3TMP1	0.0	0.0	0.0	1.0	0.0	0.0	0.0	0.0
Q3TYX3	0.0	0.0	0.0	0.3	0.0	0.0	0.0	0.0
Q3U0K8-2	0.0	0.0	0.0	0.7	0.0	0.0	0.0	0.0
Q3U133	0.0	0.0	1.7	3.0	0.7	0.3	0.0	0.0
Q3U410	0.0	0.3	0.0	0.0	0.0	0.0	0.0	0.0
Q3UDE2	0.0	0.0	0.0	7.0	0.0	0.0	0.3	0.3
Q3UDH4	0.0	0.0	0.0	6.7	0.0	0.0	0.0	0.0
Q3UE37	0.0	0.0	0.0	2.0	0.0	0.0	0.0	0.0
Q3UGR5	0.0	0.0	0.0	0.0	0.0	0.0	0.0	0.7
Q3UHJ0-2	0.0	0.0	0.0	0.0	0.3	0.0	0.0	0.0
Q3UI43	0.0	0.0	0.0	1.0	0.0	0.0	0.0	0.0
Q3UJD6-2	0.0	0.0	0.0	0.3	0.0	0.0	0.0	0.0
Q3UJU9	0.0	0.0	0.0	0.0	0.3	0.0	0.0	0.0
Q3ULD5	0.0	0.0	0.0	0.7	0.0	0.0	0.0	0.0
Q3ULQ2	0.0	0.3	0.2	0.0	0.0	0.0	0.0	0.0
Q3UPL0-2	0.0	0.0	0.0	0.7	0.7	0.0	0.0	0.0
Q3UQ44	0.0	0.0	0.0	0.0	0.0	0.0	1.0	0.0
Q3URQ0	0.0	0.0	0.0	0.3	0.0	0.0	0.0	0.0
Q3UW53	0.0	0.0	0.0	2.3	1.0	0.0	0.0	0.0
Q4KML4	0.0	0.3	1.7	0.0	0.0	0.0	0.0	0.0
Q4VAA2-2	0.0	0.0	3.7	2.7	0.0	0.0	0.0	0.0
Q505F5	0.0	0.0	0.0	1.0	0.0	0.0	0.0	0.0
Q571I9	0.0	0.0	0.0	0.3	0.0	0.0	0.0	0.0
Q5DTL9-2	0.0	0.0	0.0	2.7	0.0	0.0	0.0	0.0
Q5SUR0	0.0	0.0	1.0	4.0	0.3	0.0	0.0	0.0
Q5U3K5	0.0	0.0	0.0	0.7	0.0	0.0	0.0	0.0
Q5YD48-2	0.0	0.0	0.7	0.0	0.0	0.0	0.0	0.0
Q60692	0.0	0.0	0.0	0.0	0.7	0.0	0.0	0.0
Q60872	0.0	0.0	0.7	0.0	0.0	0.0	0.0	0.0
Q60898-2	0.0	0.7	0.0	0.0	0.0	0.0	0.0	0.0
Q60899	0.0	0.0	0.0	0.3	0.0	0.0	0.0	0.0
Q60967	0.0	0.0	0.0	0.3	0.0	0.0	0.0	0.0
Q60996-2	0.0	0.0	0.0	0.3	0.0	0.0	0.0	0.0
Q61035	0.0	0.0	0.0	0.0	0.3	0.0	0.0	0.0
Q61166	0.0	0.0	0.0	0.7	0.0	0.0	0.0	0.0
Q61362	0.0	0.0	2.0	0.0	0.0	0.0	0.0	0.0
Q61553	0.0	0.0	0.7	5.6	1.7	0.0	0.0	0.0
Q61584-2	0.0	0.0	0.0	0.7	0.0	0.0	0.0	0.0
Q61599	0.0	0.0	1.3	0.0	0.0	0.0	0.0	0.0
Q61646	0.0	0.0	0.3	0.0	0.0	1.0	0.0	0.0
Q61655	0.0	0.0	0.0	1.5	0.0	0.0	0.0	0.0
Q61670	0.0	0.0	0.3	0.3	0.3	0.0	0.0	0.0
Q61771	0.0	0.0	0.0	4.3	0.0	0.0	0.0	0.0
Q61792	0.0	0.0	5.6	0.0	1.0	0.0	0.0	0.0
Q61830	0.0	0.0	0.0	1.0	0.0	0.0	0.0	0.0
Q62077	0.0	0.0	0.0	0.7	0.0	0.0	0.0	0.0
Q62086	0.0	0.0	0.0	0.3	0.0	0.0	0.0	0.0
Q62093	0.0	0.0	1.3	0.3	0.0	0.0	0.0	0.0
Q62210	0.0	0.0	0.0	0.7	0.0	0.0	0.0	0.0
Q62426	0.0	0.7	3.3	0.0	0.0	0.0	0.0	0.0
Q62432-2	0.0	0.0	0.0	1.3	0.0	0.0	0.0	0.0
Q62507	0.0	0.0	1.3	0.0	0.0	0.0	0.0	0.0
Q64010	0.0	0.0	1.0	0.7	0.0	0.0	0.0	0.0
Q64133	0.0	0.0	0.0	6.0	0.0	0.0	0.0	0.0
Q64338-1	0.0	0.0	0.0	0.7	0.0	0.0	0.0	0.0
Q64674	0.0	0.0	0.0	0.3	0.0	0.0	0.0	0.0
Q64727	0.0	0.0	0.0	0.7	0.7	0.0	0.0	0.0
Q65Z40	0.0	0.0	0.0	2.0	0.0	0.0	0.0	0.0
Q66GT5	0.0	0.0	0.0	5.0	0.0	0.0	0.0	0.0
Q68FH4	0.0	0.0	0.0	1.0	0.0	0.0	0.0	0.0
Q68FL6	0.0	0.0	0.0	9.0	0.0	0.0	0.3	0.0
Q69Z36	0.0	0.3	0.0	0.0	0.0	0.0	0.0	0.0
Q69ZR2	0.0	0.0	0.0	1.0	0.0	0.0	0.0	0.0
Q6A009	0.0	0.0	0.0	0.3	0.0	0.0	0.0	0.0
Q6A026	0.0	0.0	0.0	1.0	0.0	0.0	0.0	0.0
Q6A068	0.0	0.0	0.0	2.7	0.0	0.0	0.0	0.0
Q6A099	0.0	0.0	0.0	0.0	0.3	0.0	0.0	0.0
Q6A0A9	0.0	0.0	0.0	1.0	0.0	0.0	0.0	0.0
Q6GQT1	0.0	0.0	0.0	0.0	12.0	0.0	0.0	0.0
Q6IFX4	0.0	0.0	0.0	1.7	0.0	0.0	0.0	0.0
Q6NV83-2	0.0	0.0	0.0	2.0	0.0	0.0	0.0	0.0
Q6NWW9	0.0	0.0	0.0	0.0	0.0	0.0	1.0	0.0
Q6NXJ0	0.0	0.0	0.0	0.0	0.7	0.0	0.0	0.0
Q6NZJ6-2	0.0	0.0	0.0	16.7	0.0	0.0	0.0	0.0
Q6P1J0	0.0	0.0	0.0	0.3	0.0	0.0	0.0	0.0
Q6P5B0	0.0	0.0	0.0	1.0	0.0	0.0	0.0	0.0
Q6P8X1	0.0	0.0	0.0	0.0	1.0	0.0	0.0	0.0
Q6P9K9-2	0.0	0.0	0.0	1.3	0.0	0.0	0.0	0.0
Q6PB66	0.0	0.0	0.0	0.0	0.3	0.0	0.0	0.0
Q6PDG5-2	0.0	0.0	0.0	8.3	0.7	0.0	0.0	0.0
Q6PDI5-2	0.0	0.0	0.0	3.0	0.0	0.0	0.0	0.0
Q6PDL0	0.0	0.0	0.0	0.0	0.7	0.0	0.0	0.0
Q6PDQ2	0.0	0.0	0.0	3.3	0.0	0.0	0.0	0.0
Q6TXD4-2	0.0	0.0	0.0	0.7	0.0	0.0	0.0	0.0
Q6ZPE2-2	0.0	0.0	0.0	0.7	0.0	0.0	0.0	0.0
Q6ZQ08-2	0.0	0.0	0.0	0.3	0.7	0.0	0.0	0.0
Q6ZQ73	0.0	0.0	0.0	0.7	0.0	0.0	0.0	0.0
Q6ZWU9	0.0	0.0	0.0	1.0	3.3	0.0	0.0	0.0
Q6ZWV7	0.0	0.0	0.0	0.0	0.7	0.0	0.0	0.0
Q6ZWY8	0.0	0.0	0.3	0.0	0.0	0.0	0.0	0.0
Q78JE5	0.0	0.0	0.0	0.0	0.3	0.0	0.0	0.0
Q791T5-2	0.0	0.0	0.0	0.3	0.0	0.0	0.0	0.0
Q7M747	0.0	0.0	0.0	0.0	0.0	0.0	0.3	2.3
Q7SIG6	0.0	0.0	0.0	0.0	0.0	0.3	0.0	0.0
Q7TMF3	0.0	0.0	0.0	0.0	2.3	0.0	0.0	0.0
Q7TMS5	0.0	0.0	0.0	0.0	0.3	0.0	0.0	0.0
Q7TMY8-2	0.0	0.0	0.0	4.3	0.0	0.0	0.0	0.0
Q7TNG5-2	0.0	0.0	0.0	0.0	0.0	0.0	0.3	0.0
Q7TNL5	0.0	0.0	0.0	3.3	0.3	0.0	0.0	0.0
Q7TNV1	0.0	0.0	0.0	17.0	0.0	0.0	0.0	0.0
Q7TPV4	0.0	0.0	0.0	2.7	1.0	0.0	0.0	0.0
Q7TQC5-3	0.0	0.7	0.0	0.0	0.0	0.0	0.0	0.0
Q7TQD2	0.0	0.0	0.0	0.3	0.0	0.0	0.0	0.0
Q7TSJ2-2	0.0	0.0	0.0	0.0	0.3	0.0	0.3	0.0
Q7TSV4	0.0	0.0	0.0	1.0	0.0	0.0	0.0	0.0
Q7TSV9	0.0	0.0	0.0	0.0	5.7	0.0	0.0	0.0
Q7TT45	0.0	0.0	0.0	0.7	0.0	0.0	0.0	0.0
Q80SY5	0.0	0.0	0.0	0.3	0.0	0.0	0.0	0.0
Q80TI0-2	0.0	0.0	0.0	0.3	0.0	0.0	0.0	0.0
Q80TM9-2	0.0	0.0	0.0	0.3	0.0	0.0	0.0	0.0
Q80TV8-2	0.0	0.0	0.0	3.7	0.7	0.0	0.0	0.0
Q80TZ3-2	0.0	0.0	0.0	0.0	0.7	0.0	0.0	0.0
Q80UM3	0.0	0.0	0.3	2.7	0.0	0.0	0.0	0.7
Q80VD1	0.0	0.0	0.0	2.0	2.3	0.0	0.0	0.0
Q80WM3	0.0	0.0	0.0	0.0	0.3	0.0	0.0	0.0
Q80WQ2	0.0	0.0	0.0	0.7	0.0	0.0	0.0	0.0
Q80X82	0.0	0.0	0.0	0.7	0.0	0.0	0.0	0.0
Q80XH2-2	0.0	0.0	0.0	0.0	1.0	0.0	0.0	0.0
Q80XI3-2	0.0	0.0	0.0	3.7	0.0	0.0	0.0	0.0
Q80ZI6	0.0	0.0	0.0	0.3	0.0	0.0	0.0	0.0
Q80ZJ7	0.0	0.0	0.0	0.0	1.0	0.0	0.0	0.0
Q80ZM5	0.0	0.0	0.0	0.7	0.7	0.0	0.0	0.0
Q810A7-2	0.0	0.0	0.0	0.0	0.3	0.0	0.0	0.0
Q811D0-2	0.0	0.0	0.0	0.3	0.0	0.0	0.0	0.0
Q811U4	0.0	0.0	0.0	0.3	0.0	0.0	0.0	0.0
Q812A2	0.0	0.0	0.0	0.3	0.0	0.0	0.0	0.0
Q8BFR4	0.0	0.0	0.0	2.0	0.0	0.0	0.0	0.0
Q8BFY9-2	0.0	0.0	0.0	1.3	0.0	0.0	0.0	0.0
Q8BG32	0.0	0.0	0.0	0.0	0.3	0.0	0.0	0.0
Q8BGD9	0.0	0.0	0.0	1.0	0.0	0.0	0.0	0.0
Q8BGQ7	0.0	0.0	0.0	3.7	0.0	0.0	0.0	0.3
Q8BGS1-2	0.0	0.0	0.0	1.0	0.0	0.0	0.0	0.0
Q8BH04	0.0	0.0	0.0	0.3	0.0	0.0	0.0	0.0
Q8BH58	0.0	0.0	0.0	0.0	0.0	0.0	0.3	0.0
Q8BH66	0.0	0.0	0.0	0.0	0.3	0.0	0.0	0.0
Q8BHD8	0.0	0.0	0.0	0.3	0.0	0.0	0.0	0.0
Q8BHG2-3	0.0	0.0	0.7	0.0	0.0	0.0	0.0	0.0
Q8BHL3	0.0	0.0	0.0	0.7	0.0	0.0	0.0	0.0
Q8BIK4-2	0.0	0.0	0.0	0.3	0.0	0.0	0.0	0.0
Q8BIQ5-2	0.0	0.0	0.0	0.7	0.0	0.0	0.3	0.0
Q8BJ03-2	0.0	0.0	0.0	0.3	0.0	0.0	0.0	0.0
Q8BJ05-2	0.0	0.0	0.0	3.3	0.0	0.0	0.0	0.0
Q8BJ71-2	0.0	0.0	0.0	0.7	0.0	0.0	0.0	0.0
Q8BJU0-2	0.0	0.0	0.0	14.0	0.0	0.0	0.0	0.0
Q8BK06-2	0.0	0.0	0.0	0.0	1.3	0.0	0.0	0.0
Q8BK64	0.0	0.0	0.0	0.0	1.0	0.0	0.0	0.3
Q8BK67	0.0	0.0	0.0	2.3	0.0	0.0	0.0	0.0
Q8BLY2	0.0	0.0	0.0	0.0	0.0	0.0	1.0	0.0
Q8BMA6	0.0	0.0	0.0	2.0	0.0	0.0	0.3	0.0
Q8BMF3	0.0	0.0	0.0	0.7	0.0	0.0	0.0	0.0
Q8BMJ2	0.0	0.0	0.0	4.3	0.0	0.0	0.0	0.0
Q8BP47	0.0	0.0	0.0	3.0	0.3	0.0	0.0	0.7
Q8BP92	0.0	0.0	0.0	9.3	0.0	0.0	0.0	0.0
Q8BR63	0.0	0.0	0.0	0.3	0.0	0.0	0.0	0.0
Q8BR90	0.0	0.0	0.0	0.0	0.7	0.0	0.3	0.0
Q8BRT1	0.0	0.0	0.0	4.3	0.7	0.0	0.0	0.0
Q8BS40	0.0	0.0	0.0	4.3	0.0	0.0	0.0	0.0
Q8BSF4	0.0	0.0	0.0	1.0	0.0	0.0	0.0	0.0
Q8BSY0	0.0	0.0	0.0	0.0	0.3	0.0	0.0	0.0
Q8BTH8	0.0	0.0	0.0	1.3	0.0	0.0	0.0	0.0
Q8BTU1	0.0	0.0	0.0	0.0	0.3	0.0	0.0	0.0
Q8BTX9	0.0	0.0	0.0	3.0	0.0	0.0	0.0	0.0
Q8BTY2-2	0.0	0.0	0.0	2.3	0.0	0.0	0.0	0.0
Q8BU30	0.0	0.0	0.0	2.7	0.0	0.0	0.0	0.0
Q8BU33-2	0.0	0.0	0.0	0.0	0.3	0.0	0.0	0.0
Q8BVI4	0.0	0.3	0.0	0.0	0.0	0.0	0.3	0.0
Q8BVI5	0.0	0.0	0.0	0.3	0.0	0.0	0.0	0.0
Q8BWY3	0.0	0.0	0.0	1.0	0.0	0.0	0.0	0.0
Q8BX94	0.0	0.0	0.0	0.3	0.0	0.0	0.0	0.0
Q8BXQ2	0.0	0.0	0.0	1.0	0.0	0.0	0.0	0.0
Q8BY87-2	0.0	0.0	0.0	1.7	0.0	0.0	0.0	0.0
Q8BYB9	0.0	0.0	0.0	1.3	0.0	0.0	0.0	0.0
Q8BZA9	0.0	0.0	0.0	0.3	0.0	0.0	0.0	0.0
Q8C050-2	0.0	0.0	0.0	1.0	0.0	0.0	0.0	0.0
Q8C0T8	0.0	0.0	0.3	0.0	0.0	0.0	0.0	0.0
Q8C129	0.0	0.0	0.0	0.0	0.7	0.0	0.0	0.0
Q8C167-2	0.0	0.0	0.0	1.7	0.0	0.0	0.0	0.0
Q8C1A5	0.0	0.0	0.0	0.3	1.7	0.0	0.0	0.0
Q8C2C6	0.0	0.0	0.0	0.3	0.0	0.0	0.0	0.0
Q8C3W1	0.0	0.0	0.0	0.7	0.0	0.0	0.0	0.0
Q8C3X8	0.0	0.0	0.0	0.3	0.0	0.0	0.0	0.0
Q8C5H1	0.0	2.3	0.0	0.0	0.0	0.0	0.0	0.0
Q8C726	0.0	0.0	0.0	0.3	0.0	0.0	0.0	0.0
Q8C754-2	0.0	0.0	0.0	0.0	0.0	0.0	0.3	0.0
Q8C7D2-2	0.0	0.0	0.0	0.3	0.0	0.0	0.0	0.0
Q8CCT4	0.0	0.0	0.3	0.3	0.0	0.0	0.0	0.0
Q8CDA1-4	0.0	0.0	0.0	3.0	0.0	0.0	0.0	0.0
Q8CFQ3	0.0	0.0	0.0	1.0	0.0	0.0	0.0	0.0
Q8CGA0	0.0	0.0	0.0	0.0	0.0	0.0	1.3	0.0
Q8CIE6	0.0	0.0	0.0	0.0	1.0	0.0	0.0	0.0
Q8CJG0	0.0	0.0	0.0	0.3	0.3	0.0	0.0	0.0
Q8JZK9	0.0	0.0	0.0	0.3	0.0	0.0	0.0	0.0
Q8JZM7	0.0	0.0	0.0	0.7	0.0	0.0	0.0	0.0
Q8K003	0.0	0.0	0.3	0.0	0.0	0.0	0.0	0.0
Q8K099	0.0	0.0	0.0	1.0	0.0	0.0	0.0	0.0
Q8K0C4	0.0	0.0	0.0	2.3	0.0	0.0	0.0	0.0
Q8K0E8	0.0	0.0	0.0	2.0	0.0	0.0	0.0	0.0
Q8K1X1	0.0	0.0	0.0	2.0	0.0	0.0	0.0	0.0
Q8K221	0.0	0.0	0.0	0.3	0.0	0.0	0.0	0.0
Q8K2T1-2	0.0	0.0	0.0	10.7	0.0	0.0	0.0	0.0
Q8K3C3	0.0	0.0	0.0	0.3	0.0	0.0	0.0	0.0
Q8K3H0	0.0	0.0	0.0	5.0	0.0	0.0	0.0	0.0
Q8K4G5-2	0.0	0.0	0.0	3.0	0.0	0.0	0.0	0.0
Q8N9S3-2	0.0	0.0	0.0	0.3	0.0	0.0	0.0	0.0
Q8QZZ8	0.0	0.0	0.0	0.0	4.3	0.0	0.0	0.0
Q8R001-2	0.0	0.0	0.0	1.3	1.0	0.0	0.0	0.0
Q8R0P4-2	0.0	0.3	0.0	0.0	0.0	0.0	0.0	0.0
Q8R107	0.0	0.0	0.0	0.0	0.0	0.0	0.0	0.7
Q8R127	0.0	0.0	0.0	0.0	0.0	0.0	1.0	0.0
Q8R1B4	0.0	0.0	0.0	0.3	1.0	0.0	0.0	0.0
Q8R1B5	0.0	0.0	0.0	0.3	0.0	0.0	0.0	0.0
Q8R1P4	0.0	0.0	0.0	2.3	0.0	0.0	0.0	0.0
Q8R2N2	0.0	0.0	0.0	0.0	0.0	0.0	0.0	0.3
Q8R2T8-2	0.0	0.0	0.0	1.3	0.0	0.0	0.0	0.0
Q8R326-2	0.0	0.0	0.0	0.0	1.0	0.0	0.0	0.0
Q8R366	0.0	0.0	0.0	0.0	0.3	0.0	0.0	0.0
Q8R3U1	0.0	0.0	0.0	26.3	0.0	0.0	0.0	0.0
Q8R3Y8-2	0.0	0.0	0.0	1.3	0.0	0.0	0.0	0.0
Q8R480	0.0	0.0	0.0	0.7	0.0	0.0	0.0	0.0
Q8R570-2	0.0	0.0	0.0	0.0	0.3	0.0	0.0	0.0
Q8R5H6	0.0	0.0	0.0	4.3	0.0	0.0	0.0	0.0
Q8R5J9	0.0	0.0	0.0	0.0	1.0	0.0	0.0	0.0
Q8VBW6	0.0	0.0	0.0	0.0	1.0	0.0	0.0	0.0
Q8VC88	0.0	0.0	0.0	1.7	0.0	0.0	0.0	0.0
Q8VCA8	0.0	1.0	1.3	0.0	0.0	0.0	0.0	0.3
Q8VCD6	0.0	0.0	0.0	0.0	0.0	0.0	1.3	0.0
Q8VCH8	0.0	0.0	0.0	0.7	0.0	0.0	0.0	0.0
Q8VCM8	0.0	0.0	0.0	0.0	0.7	0.0	0.0	0.0
Q8VCR7	0.0	1.0	2.7	2.0	1.0	0.0	0.0	0.7
Q8VD63	0.0	0.0	0.0	2.3	0.0	0.0	0.0	0.0
Q8VDQ1-2	0.0	0.0	0.3	2.3	0.0	0.0	0.0	1.0
Q8VE37	0.0	0.0	0.0	0.7	0.0	0.0	0.0	0.0
Q8VED9	0.0	0.0	0.7	0.0	0.0	0.0	0.0	0.0
Q8VHI3	0.0	0.0	0.0	3.3	0.0	0.0	0.0	0.0
Q8VHI5-2	0.0	0.0	0.0	0.7	0.0	0.0	0.0	0.0
Q8VHI6	0.0	0.0	0.0	3.0	0.0	0.0	0.0	0.0
Q8VI75	0.0	0.0	0.0	8.7	0.0	0.0	0.0	0.0
Q8VIM9	0.0	0.0	0.0	1.3	0.0	0.0	0.0	0.0
Q91V09	0.0	0.0	0.0	2.0	0.0	0.0	0.0	0.0
Q91V76	0.0	0.0	2.3	0.0	0.3	0.0	0.0	0.3
Q91VH6	0.0	0.0	0.3	0.0	0.0	0.0	0.0	0.0
Q91VU0	0.0	0.0	0.0	3.7	0.0	0.0	0.0	0.0
Q91VW3	0.0	0.0	4.7	1.0	0.0	0.0	0.0	0.0
Q91W61	0.0	0.0	0.0	1.0	0.0	0.0	0.0	0.0
Q91W87	0.0	0.0	0.0	0.0	1.0	0.0	0.0	0.3
Q91WK2	0.0	0.0	0.0	0.0	0.0	0.0	0.7	0.0
Q91WP6	0.0	0.0	0.0	0.3	0.0	0.0	0.0	0.0
Q91WS0	0.0	0.0	0.0	0.3	1.7	0.0	0.0	0.0
Q91X72	0.0	0.0	0.0	4.7	0.0	1.0	0.0	0.7
Q91X76	0.0	0.0	0.0	8.7	0.0	0.0	0.0	0.0
Q91X96	0.0	0.3	0.0	0.0	0.0	0.0	0.0	0.0
Q91XD7	0.0	0.0	0.0	0.3	0.0	0.0	0.0	0.0
Q91XI1	0.0	0.0	0.0	2.7	0.0	0.0	0.0	0.0
Q91XL9-2	0.0	0.0	0.0	2.7	0.0	0.0	0.0	0.0
Q91XM9-2	0.0	0.0	0.0	8.7	1.0	0.0	0.0	0.0
Q91XU3	0.0	0.0	0.0	3.0	0.0	0.0	0.0	0.0
Q91YE6	0.0	0.0	0.0	3.3	0.0	0.0	0.0	0.0
Q91YE7-2	0.0	0.0	0.0	1.0	0.0	0.0	0.0	0.0
Q91YR9	0.0	0.0	0.3	0.0	0.0	0.0	0.0	0.0
Q91ZM2-2	0.0	0.0	0.0	0.7	0.0	0.0	0.0	0.0
Q91ZW3	0.0	0.0	0.0	1.7	0.0	0.0	0.0	0.0
Q91ZX7	0.0	0.0	0.0	0.0	1.0	0.0	0.0	0.0
Q920N2	0.0	0.0	0.0	0.7	0.0	0.0	0.0	0.0
Q920Q4	0.0	0.0	0.0	1.3	0.0	0.0	0.0	0.0
Q921M3	0.0	0.0	0.0	2.3	1.3	0.0	0.0	0.0
Q922D4-2	0.0	0.0	0.0	0.3	0.0	0.0	0.0	0.0
Q923B0	0.0	0.0	0.3	0.0	0.0	0.0	0.0	0.0
Q923D3	0.0	0.0	0.0	0.7	0.0	0.0	0.0	0.0
Q924C1-3	0.0	0.0	0.0	1.7	0.0	0.0	0.0	0.0
Q924Z4	0.0	0.0	0.0	2.7	0.0	0.0	0.0	0.0
Q925H6	0.0	0.0	0.0	7.0	0.0	0.0	0.0	0.0
Q925H7	0.0	0.0	0.0	0.7	0.0	0.0	0.0	0.0
Q99J56	0.0	0.0	0.0	0.7	0.0	0.0	0.0	0.0
Q99JI4	0.0	0.0	0.0	0.0	0.7	0.0	0.3	0.3
Q99JP7	0.0	0.0	0.0	2.7	0.0	0.0	0.0	0.0
Q99JT9	0.0	0.0	0.3	0.0	0.0	0.0	0.0	0.0
Q99JX4	0.0	0.0	0.0	3.7	0.0	0.0	0.0	0.0
Q99JX7	0.0	0.0	0.0	0.0	0.3	0.0	0.0	0.0
Q99K01-2	0.0	0.0	0.0	2.0	0.0	0.0	0.0	0.0
Q99K46	0.0	0.0	0.0	0.7	0.0	0.0	0.0	0.0
Q99K85	0.0	0.0	0.0	0.0	0.0	0.0	0.7	1.3
Q99KE1	0.0	0.0	0.0	1.0	0.0	0.0	0.0	0.0
Q99KJ8	0.0	0.0	0.0	0.0	0.0	0.0	0.0	0.7
Q99KK7	0.0	0.0	0.0	0.0	0.7	0.0	0.0	0.0
Q99KN9-2	0.0	0.0	0.0	1.0	0.0	0.0	0.0	0.0
Q99KP6	0.0	0.0	0.0	0.3	0.0	0.0	0.0	0.0
Q99L04	0.0	0.0	0.0	3.3	1.7	0.0	0.0	0.0
Q99L88-2	0.0	0.0	0.0	0.0	0.0	0.0	1.3	0.0
Q99LB6-2	0.0	0.0	0.0	0.7	0.0	0.0	0.0	0.0
Q99LC8	0.0	0.0	0.0	0.7	0.0	0.0	0.0	0.0
Q99LD8	0.0	0.0	2.7	0.0	0.3	0.0	0.0	0.0
Q99LD9	0.0	0.0	0.0	0.7	0.0	0.0	0.0	0.0
Q99LG2	0.0	0.0	0.0	0.3	0.0	0.0	0.0	0.0
Q99LR1	0.0	0.0	0.0	10.3	0.0	0.0	0.0	0.0
Q99M28-2	0.0	0.0	0.0	0.0	0.3	0.0	0.0	0.0
Q99M71	0.0	0.0	0.0	0.3	0.0	0.0	0.0	0.0
Q99M74	0.0	0.0	0.0	0.0	0.0	0.0	0.3	0.7
Q99ME2	0.0	0.0	0.0	0.3	0.0	0.0	0.0	0.0
Q99MR6-2	0.0	0.0	0.0	1.3	1.0	0.0	0.0	0.0
Q99MU3-2	0.0	0.0	0.0	0.3	0.0	0.0	0.0	0.0
Q99P91	0.0	0.0	0.0	1.7	23.3	0.0	0.0	0.0
Q99PF4-2	0.0	0.0	0.3	0.3	0.3	0.0	0.0	0.0
Q99PV8-2	0.0	0.0	0.0	0.0	0.0	0.0	0.3	0.0
Q9CPR4	0.0	0.0	0.0	0.3	0.3	0.0	0.0	0.0
Q9CPT4	0.0	0.0	0.7	0.0	0.0	0.0	0.0	0.0
Q9CPU4	0.0	0.0	0.0	0.0	0.3	0.0	0.0	0.0
Q9CPX8	0.0	0.0	0.0	0.0	0.7	0.0	0.0	0.0
Q9CQ25	0.0	0.0	0.0	0.3	0.0	0.0	0.0	0.0
Q9CQC6	0.0	0.0	0.0	0.0	0.0	0.0	0.3	0.0
Q9CQC7	0.0	0.0	0.0	0.0	2.0	0.0	0.0	0.0
Q9CQF3	0.0	0.0	0.0	4.0	0.0	0.0	0.0	0.0
Q9CQI3	0.0	0.0	4.0	0.0	0.3	0.0	0.0	0.0
Q9CQJ8	0.0	0.0	0.0	0.0	0.7	0.0	0.0	0.0
Q9CQM5	0.0	0.0	3.7	0.0	0.0	0.0	0.0	0.0
Q9CQR2	0.0	0.0	0.0	0.0	0.3	0.0	0.0	0.0
Q9CQS4	0.0	0.0	0.0	1.3	0.0	0.0	0.0	0.0
Q9CR20	0.0	0.0	0.0	1.7	0.0	0.0	0.0	0.0
Q9CR34-2	0.0	1.3	8.3	1.3	12.3	0.0	0.0	5.7
Q9CR64-2	0.0	0.0	0.0	1.3	0.3	0.0	0.0	0.0
Q9CRA5	0.0	0.0	0.0	0.3	0.0	0.0	0.0	0.0
Q9CS74	0.0	0.0	0.0	0.3	0.0	0.0	0.0	0.0
Q9CU62	0.0	0.0	0.0	0.0	1.3	0.0	0.0	0.0
Q9CVB6	0.0	0.0	0.0	0.3	0.0	0.0	0.3	0.0
Q9CWS0	0.0	0.0	0.3	0.0	0.3	0.0	2.3	0.0
Q9CWU9	0.0	0.0	0.0	1.0	0.0	0.0	0.0	0.0
Q9CWW6	0.0	0.3	1.0	0.0	0.0	0.0	0.0	0.0
Q9CWZ7	0.0	0.0	0.0	0.7	0.0	0.0	0.0	0.0
Q9CX56	0.0	0.0	0.0	2.3	0.0	0.0	0.0	0.0
Q9CX86	0.0	0.0	0.7	4.0	1.7	0.0	0.0	0.0
Q9CXV1	0.0	0.0	0.0	5.0	0.0	0.0	0.0	0.0
Q9CY57-2	0.0	0.0	0.0	0.3	0.0	0.0	0.0	0.0
Q9CY58-2	0.0	0.0	0.0	4.7	0.0	0.0	0.0	0.0
Q9CY64	0.0	0.0	0.0	0.3	0.0	0.0	0.7	0.0
Q9CYH2	0.0	0.0	0.0	0.0	1.7	0.0	0.0	0.0
Q9CYR6	0.0	0.0	0.0	1.0	0.0	0.0	0.0	0.0
Q9CYT6	0.0	0.0	0.0	0.3	0.0	0.0	0.0	0.0
Q9CZB2	0.0	0.0	0.0	0.0	18.7	0.0	0.0	0.0
Q9CZJ0	0.0	0.0	0.0	2.3	0.0	0.0	0.0	0.0
Q9CZT6	0.0	0.0	0.0	1.0	0.0	0.0	0.0	0.0
Q9CZU3	0.0	0.0	0.0	1.7	0.0	0.0	0.0	0.0
Q9CZW4	0.0	0.0	0.0	0.7	0.3	0.0	0.0	0.0
Q9CZW5	0.0	0.0	0.0	0.7	1.0	0.0	0.0	0.0
Q9D071-2	0.0	0.0	0.0	1.0	0.0	0.0	0.0	0.0
Q9D0C4-2	0.0	0.0	0.0	0.3	0.0	0.0	0.0	0.0
Q9D172	0.0	0.0	0.0	0.0	0.3	0.0	0.0	0.0
Q9D1C8	0.0	0.0	0.0	5.0	0.0	0.0	0.0	0.0
Q9D1E6	0.0	0.0	1.7	1.0	0.0	0.0	0.0	0.0
Q9D1M4	0.0	0.0	0.0	1.3	0.0	0.0	0.0	0.0
Q9D1R9	0.0	0.0	0.0	0.0	1.7	0.0	0.0	0.0
Q9D2C2-2	0.0	0.0	0.0	7.0	0.0	0.0	0.0	0.0
Q9D2R6	0.0	0.0	0.0	0.0	0.7	0.0	0.0	0.0
Q9D358-2	0.0	0.0	2.0	0.0	0.0	0.0	0.0	0.0
Q9D3A9-2	0.0	0.0	0.0	0.0	0.7	0.0	0.0	0.0
Q9D3I0	0.0	0.0	28.7	0.0	0.0	0.0	0.0	0.0
Q9D4P9	0.0	0.0	0.0	0.0	0.0	0.0	0.0	0.7
Q9D554	0.0	0.0	0.0	3.0	0.0	0.0	0.0	0.0
Q9D666-2	0.0	0.0	0.0	1.7	0.0	0.0	0.0	0.0
Q9D6B6	0.0	0.0	0.0	7.0	0.0	0.0	0.0	0.0
Q9D6J5	0.0	0.0	0.0	2.3	0.0	0.0	0.0	0.0
Q9D6N5	0.0	0.0	0.0	0.0	0.3	0.0	0.0	0.3
Q9D6Z1	0.0	0.0	0.0	0.0	1.0	0.0	0.0	0.0
Q9D735	0.0	0.3	0.0	0.3	0.0	0.0	0.0	0.0
Q9D7H3	0.0	0.0	0.0	1.7	0.0	0.0	0.0	0.0
Q9D7S7-2	0.0	0.0	0.0	0.7	0.0	0.0	0.0	0.0
Q9D7X3	0.0	0.3	0.0	2.6	0.0	0.0	0.0	0.0
Q9D832	0.0	0.0	0.0	1.0	0.0	0.0	0.0	0.0
Q9D883	0.0	0.0	0.0	0.0	0.3	0.0	0.0	0.0
Q9D8W7	0.0	0.0	0.0	3.3	0.3	0.0	0.0	0.0
Q9D8Y1	0.0	0.0	0.0	1.3	0.0	0.0	0.0	0.0
Q9D967	0.0	0.0	1.3	0.3	0.0	0.0	0.0	0.0
Q9DAK9	0.0	2.3	5.0	4.3	0.0	0.0	0.3	0.3
Q9DAS9	0.0	0.0	0.0	0.0	0.3	0.0	0.0	0.0
Q9DB29	0.0	0.0	0.0	0.7	0.0	0.0	0.0	0.0
Q9DBB8	0.0	0.0	0.0	1.0	0.0	0.0	0.0	0.0
Q9DBC3	0.0	0.0	0.0	2.3	0.0	0.0	0.0	0.0
Q9DBG6	0.0	0.0	0.0	3.3	7.7	0.0	0.3	0.0
Q9DBL1	0.0	0.0	0.0	1.7	0.0	0.0	0.0	0.0
Q9DBL7	0.0	0.0	0.0	0.3	0.0	0.0	0.3	0.0
Q9DBR1-2	0.0	0.0	1.0	1.3	0.0	0.0	0.0	0.0
Q9DBR3-2	0.0	0.0	0.0	1.0	0.0	0.0	0.0	0.0
Q9DC23	0.0	0.0	0.0	0.3	0.0	0.0	0.0	0.0
Q9DC48	0.0	0.0	0.0	0.3	0.0	0.0	0.0	0.0
Q9DCB1-2	0.0	0.0	0.3	0.0	0.0	0.0	0.0	0.0
Q9DCG9	0.0	0.0	0.3	0.0	0.0	0.0	0.0	0.0
Q9DCS2	0.0	0.0	0.0	1.0	0.0	0.0	0.0	0.0
Q9DCT1	0.0	0.0	0.3	1.7	0.0	0.0	0.2	0.0
Q9DCT8	0.0	0.0	0.7	0.0	0.0	0.0	0.0	0.0
Q9DCZ4	0.0	0.0	0.0	0.0	0.3	0.0	0.0	0.0
Q9EP69	0.0	0.0	0.0	0.7	0.7	0.0	0.0	0.0
Q9EPC1	0.0	0.0	0.0	0.3	0.0	0.0	0.0	0.0
Q9EPN1-3	0.0	0.0	0.0	3.0	0.0	0.0	0.0	0.0
Q9EQ06-2	0.0	0.0	0.0	0.0	1.0	0.0	0.0	0.0
Q9EQF6	0.0	0.0	0.0	0.0	0.3	0.0	0.0	0.0
Q9EQH3	0.0	0.0	0.0	13.0	1.7	0.0	0.0	0.0
Q9EQK7	0.0	0.0	0.0	2.0	0.0	0.0	0.0	0.0
Q9EQP6	0.0	0.0	0.0	0.3	0.0	0.0	0.0	0.0
Q9ER00	0.0	0.0	0.0	0.0	1.0	0.0	0.0	0.0
Q9ER72-2	0.0	0.0	0.0	3.7	0.0	0.0	0.0	0.0
Q9ERA6	0.0	0.0	0.0	1.0	0.0	0.0	0.0	0.0
Q9ERF3	0.0	0.3	0.0	1.3	0.0	0.0	0.0	0.0
Q9ERL9	0.0	0.0	0.0	0.0	0.3	0.0	0.0	0.0
Q9ERT9	0.0	0.0	0.3	0.0	0.0	0.0	0.0	0.0
Q9ERY9	0.0	0.0	0.0	0.3	0.0	0.0	0.0	0.0
Q9ESN6	0.0	0.0	0.0	0.7	0.0	0.0	0.0	0.0
Q9ET22	0.0	0.0	0.0	0.0	0.7	0.0	0.0	0.0
Q9JHI5	0.0	0.0	0.0	0.3	0.0	0.0	0.0	0.0
Q9JI46	0.0	0.0	2.3	0.0	0.0	0.0	0.0	0.0
Q9JIF0-2	0.0	0.0	0.0	0.7	0.0	0.0	0.0	0.0
Q9JII5-2	0.0	0.0	0.0	0.0	0.3	0.0	0.0	0.0
Q9JJU8	0.0	0.0	14.3	0.0	0.0	0.0	0.0	0.0
Q9JJV2	0.0	0.0	1.0	5.3	0.7	0.0	0.3	0.0
Q9JK81	0.0	0.0	0.0	0.7	0.0	0.0	0.0	0.0
Q9JKC6	0.0	0.0	0.0	0.7	0.7	0.0	0.0	0.0
Q9JKF1	0.0	0.0	0.0	0.3	0.3	0.0	0.0	0.0
Q9JKY0	0.0	0.0	0.0	1.3	0.0	0.0	0.0	0.0
Q9JL04	0.0	0.0	0.0	1.3	0.0	0.0	0.0	0.0
Q9JLI8	0.0	0.0	0.0	2.0	0.0	0.0	0.0	0.0
Q9JLM8-2	0.0	0.0	0.0	0.3	1.7	0.0	0.0	0.0
Q9JLN9	0.0	0.0	0.0	3.3	0.0	0.0	0.0	0.0
Q9JME5	0.0	0.0	0.0	3.3	0.0	0.0	0.0	0.0
Q9JMH6-2	0.0	0.0	0.0	4.0	0.0	0.0	0.0	0.0
Q9QUH0	0.0	0.0	0.7	0.0	0.0	0.0	0.0	0.0
Q9QUR7	0.0	0.0	2.2	0.0	0.0	0.0	0.0	0.0
Q9QWR8	0.0	0.0	0.0	12.7	0.0	0.0	0.0	0.0
Q9QXK3-3	0.0	0.0	0.0	2.0	0.0	0.0	0.0	0.0
Q9QXL1	0.0	0.0	0.0	0.3	0.0	0.0	0.0	0.0
Q9QY15	0.0	0.0	0.0	0.8	0.0	0.0	0.0	0.0
Q9QY42-3	0.0	0.0	0.3	0.0	0.0	0.0	0.0	0.0
Q9QYF1	0.0	0.0	0.0	0.7	0.0	0.0	0.0	0.0
Q9QYJ0	0.0	0.0	0.0	5.7	0.0	0.0	0.0	0.0
Q9QZ08	0.0	0.0	0.0	0.3	0.0	0.0	0.0	0.0
Q9QZB7	0.0	0.0	0.0	15.3	0.0	0.0	0.0	0.0
Q9QZE7	0.0	0.0	0.0	2.3	0.0	0.0	0.3	0.0
Q9QZR9	0.0	0.0	0.0	0.0	1.3	0.0	0.0	0.0
Q9R0A0	0.0	0.0	0.0	0.3	0.0	0.0	0.0	0.0
Q9R0H0-2	0.0	0.0	0.0	0.3	0.0	0.0	0.0	0.0
Q9R190	0.0	0.0	0.0	3.0	0.0	0.0	0.0	0.0
Q9R1P1	0.0	0.0	0.0	2.7	2.0	0.0	0.0	1.7
Q9R1P4	0.0	0.0	0.0	0.0	0.0	0.0	1.0	0.3
Q9R1Q9	0.0	0.0	0.0	0.0	0.3	0.0	0.0	0.0
Q9WTK3	0.0	0.0	0.0	0.3	0.0	0.0	0.0	0.0
Q9WTN0	0.0	0.0	0.0	0.3	0.0	0.0	0.0	0.0
Q9WTT4	0.0	0.0	0.0	0.3	1.0	0.0	0.0	0.0
Q9WU63	0.0	0.0	2.7	0.0	0.0	0.0	0.0	0.0
Q9WU78-3	0.0	0.0	0.0	0.0	1.7	0.0	0.0	0.0
Q9WUC3	0.0	0.0	0.0	2.7	0.0	0.0	0.0	0.0
Q9WV54	0.0	0.0	0.0	8.3	0.0	0.0	0.0	0.0
Q9WV85	0.0	0.0	0.0	0.3	0.0	0.0	0.0	0.0
Q9WVA4	0.0	1.0	2.0	1.0	0.0	0.0	0.0	0.0
Q9WVH4	0.0	0.0	0.0	0.3	0.0	0.0	0.0	0.0
Q9WVJ2	0.0	0.0	0.0	16.0	0.0	0.0	0.0	0.0
Q9WVJ3-2	0.0	0.0	0.0	1.0	0.0	0.0	0.0	0.0
Q9WVL0	0.0	0.0	0.0	0.7	0.0	0.0	0.0	0.0
Q9Z0E0-2	0.0	0.0	0.0	0.0	0.7	0.0	0.0	0.0
Q9Z0M5	0.0	0.0	0.0	0.3	0.0	0.0	0.0	0.0
Q9Z0U1	0.0	0.0	0.0	3.0	0.0	0.0	0.0	0.0
Q9Z160	0.0	0.0	0.0	0.7	0.0	0.0	0.0	0.0
Q9Z1Q5	0.0	0.3	0.0	1.0	0.7	0.0	0.0	0.0
Q9Z1R2	0.0	0.0	0.0	5.7	0.0	0.0	0.0	0.0
Q9Z1X4-3	0.0	0.0	0.0	0.3	0.0	0.0	0.0	0.0
Q9Z1Z0-2	0.0	0.0	0.0	0.0	0.3	0.0	0.0	0.0
Q9Z2Q6	0.0	0.0	0.0	0.0	0.7	0.0	0.0	0.0
Q9Z2V5	0.0	0.0	0.0	0.0	0.7	0.0	0.0	0.0
Q9Z2W8	0.0	0.0	0.0	0.0	1.0	0.0	0.0	0.0
